n 8
m 2
n_day 1
hl 1439
o 3
rate_in_peak 0.47753
rate_off_peak 0.32282
max_cost 659

peak_start
1080

peak_end
1259

v
1.2
1
0.8

lambda
1.5
1
0.6

pi
186
192

processing
58	18	
59	48	
7	68	
70	71	
67	23	
73	73	
4	71	
6	38	

setup
0	7	3	7	4	4	8	2	
3	0	3	7	3	5	7	2	
4	6	0	3	5	7	2	5	
2	6	4	0	7	4	4	6	
4	4	2	3	0	4	4	4	
2	7	6	4	6	0	5	8	
7	2	3	2	6	6	0	3	
2	6	7	7	5	5	7	0	

0	8	1	5	3	5	1	4	
4	0	4	4	5	2	4	1	
5	7	0	8	7	6	5	7	
7	2	4	0	4	5	6	6	
2	8	7	5	0	5	8	3	
6	5	4	6	6	0	8	4	
4	5	5	5	3	4	0	6	
2	8	6	4	4	6	8	0	

