n 50
m 10
n_day 1
hl 1439
o 5
rate_in_peak 0.47753
rate_off_peak 0.32282
max_cost 1870

peak_start
1080

peak_end
1259

v
1.2
1.1
1
0.9
0.8

lambda
1.5
1.25
1
0.8
0.6

pi
90
53
46
131
60
156
153
182
170
156

processing
32	10	28	33	6	81	48	41	40	88	
50	13	4	73	32	67	66	33	15	80	
57	36	25	83	29	19	5	8	66	9	
30	97	19	13	85	78	93	89	21	89	
78	26	57	81	1	44	6	22	77	74	
57	35	65	82	73	49	56	78	56	77	
86	41	32	60	54	18	40	4	62	16	
48	96	95	6	34	51	50	93	72	82	
69	85	18	89	68	46	40	25	25	95	
4	67	38	89	82	47	62	77	6	26	
92	54	23	45	15	56	95	64	7	69	
3	75	11	74	65	78	22	60	58	46	
57	17	68	50	7	52	52	69	30	57	
94	78	12	72	24	81	83	20	46	89	
44	49	21	54	24	42	87	1	3	47	
3	15	19	70	20	26	77	71	50	63	
30	1	42	95	72	21	77	12	94	79	
57	40	83	33	49	62	30	92	63	33	
94	65	3	14	90	23	93	69	49	44	
33	78	44	30	31	71	50	9	39	45	
43	95	40	27	83	45	45	15	38	9	
3	87	29	5	2	20	81	95	44	32	
94	76	65	40	61	95	66	12	6	6	
13	4	56	8	31	41	52	75	11	45	
39	13	33	67	17	89	42	54	41	86	
85	36	19	51	31	36	48	97	3	9	
58	15	12	70	77	96	66	84	28	76	
31	66	88	19	88	60	63	86	15	5	
29	55	95	3	8	27	38	11	79	41	
19	39	11	84	10	87	38	75	73	65	
8	59	87	95	33	32	12	96	19	27	
56	47	37	52	6	44	79	43	10	59	
83	82	53	94	68	18	38	7	48	66	
27	55	26	15	7	15	3	19	12	21	
1	23	24	37	75	29	37	11	71	46	
25	12	30	78	61	53	95	54	15	45	
22	41	55	47	12	62	61	14	80	28	
88	36	51	13	72	81	95	64	91	24	
12	17	35	95	50	51	49	3	6	63	
3	27	59	57	30	70	20	46	83	55	
74	73	90	80	41	20	18	38	83	10	
61	50	80	51	46	32	3	50	88	62	
14	90	89	73	48	74	98	24	21	83	
78	50	13	26	31	53	1	48	46	39	
13	8	89	93	14	90	80	16	42	69	
78	11	60	24	83	63	97	83	86	19	
23	22	69	35	3	55	43	3	59	89	
41	27	52	85	75	66	77	56	37	74	
80	70	84	95	49	25	16	47	63	3	
22	41	78	46	31	80	56	73	38	70	

setup
0	44	77	92	77	14	51	4	82	59	62	84	103	116	24	91	120	55	101	75	30	87	55	5	80	82	61	104	61	61	112	50	105	65	18	58	121	111	104	80	46	85	83	26	77	26	36	74	80	56	
68	0	59	58	62	57	108	67	61	63	103	91	97	98	46	71	118	113	35	105	71	50	76	66	30	121	76	80	118	119	103	57	104	102	63	101	115	94	52	77	62	71	89	79	106	69	66	96	23	90	
8	48	0	72	28	72	117	72	82	65	87	93	90	98	8	42	90	89	61	70	47	63	122	97	30	106	109	118	110	106	57	50	67	65	24	117	123	90	73	121	44	111	100	103	87	57	59	81	56	99	
3	45	48	0	66	62	81	98	58	43	71	102	106	54	53	64	63	96	36	45	34	35	95	65	38	123	71	117	117	79	70	19	23	37	43	79	123	89	60	91	71	107	104	76	97	73	56	90	54	70	
16	50	70	13	0	54	88	95	60	39	63	101	112	58	44	60	73	106	47	44	28	29	96	55	45	120	74	123	117	70	58	11	21	28	33	73	113	99	55	93	65	98	109	80	104	81	60	96	60	73	
28	34	65	59	103	0	24	38	62	82	66	99	27	105	67	52	111	41	74	72	88	96	110	115	60	74	99	76	55	103	111	99	93	116	121	107	19	43	77	28	72	103	56	62	3	93	111	83	67	77	
72	67	71	29	89	110	0	122	114	48	104	55	97	43	98	95	29	91	48	67	36	122	31	45	90	55	72	81	92	27	23	44	82	46	54	59	109	120	49	103	106	29	58	50	110	33	5	55	56	96	
79	62	59	44	33	49	63	0	122	93	54	111	85	51	64	53	79	111	29	80	77	113	63	75	76	83	39	111	58	47	66	82	103	76	23	40	78	121	68	42	86	58	10	37	65	82	65	98	9	115	
52	23	77	99	102	112	119	117	0	67	94	46	123	116	85	85	46	42	111	62	97	41	75	107	80	51	93	16	68	107	86	88	95	94	119	97	122	89	53	116	102	105	116	119	91	39	106	51	121	111	
36	13	54	38	72	48	36	90	55	0	69	12	81	81	80	46	20	24	91	79	49	49	39	75	40	56	83	60	33	113	108	111	80	75	93	79	100	78	43	86	77	56	100	101	62	62	65	66	81	97	
99	56	30	71	83	104	84	56	72	62	0	52	43	65	36	85	72	75	32	70	42	86	45	58	82	71	28	31	53	67	62	119	46	75	93	34	68	106	75	41	24	62	97	67	12	60	117	28	121	103	
114	76	122	75	116	123	107	74	70	122	61	0	23	16	37	96	34	90	62	120	62	103	29	74	42	65	85	60	101	22	40	65	52	69	106	49	31	52	18	82	65	68	93	105	68	72	119	52	108	77	
75	92	111	98	93	111	117	91	100	47	108	102	0	102	123	37	115	109	94	57	55	106	104	117	116	110	49	99	47	122	122	118	107	98	54	84	109	108	107	101	98	115	101	104	90	80	58	72	42	43	
58	91	74	121	77	115	114	109	35	48	97	75	89	0	63	62	49	66	26	55	70	87	40	38	122	87	48	15	72	41	103	98	108	15	75	107	106	98	104	17	101	102	104	106	109	109	70	19	99	55	
106	108	83	43	34	43	48	116	8	67	103	86	97	50	0	70	19	17	58	29	57	53	46	82	89	109	92	46	100	12	61	61	108	58	71	84	98	110	62	39	71	81	73	109	62	113	54	55	85	100	
87	91	123	57	44	90	92	46	84	106	67	42	56	115	106	0	118	109	66	115	108	105	102	73	90	118	123	99	24	112	78	103	29	105	117	40	9	107	73	113	53	39	66	15	69	121	73	117	72	117	
24	39	30	86	116	100	110	70	61	22	48	35	17	98	57	77	0	51	63	109	66	52	61	108	16	67	121	114	78	42	91	59	90	55	60	49	81	105	73	117	80	60	91	75	85	115	105	41	106	72	
98	120	73	118	55	55	39	87	47	46	29	54	64	73	75	96	53	0	13	89	116	61	22	107	58	57	71	62	66	15	39	104	63	50	62	16	50	104	78	121	88	16	70	106	65	92	101	29	114	39	
28	62	76	58	71	22	24	100	122	75	30	34	40	72	60	102	29	38	0	91	96	31	25	113	74	85	99	56	67	51	16	81	93	82	66	31	50	70	52	122	87	47	67	84	54	79	102	42	106	24	
12	39	22	88	65	28	39	109	46	80	33	42	29	122	95	30	90	102	90	0	97	77	110	77	118	76	69	81	75	83	103	117	38	10	101	114	107	75	88	123	121	47	57	98	62	25	118	84	58	111	
42	3	58	92	108	89	70	110	63	100	35	47	67	38	72	99	36	55	44	80	0	93	119	119	54	74	40	120	61	97	50	108	91	75	73	80	56	12	31	100	119	96	68	89	69	66	52	56	113	99	
51	30	32	62	67	53	34	121	38	32	49	22	18	94	80	33	110	84	76	22	115	0	5	102	115	115	121	43	76	71	105	36	56	92	122	89	121	108	118	95	43	110	106	56	100	73	70	111	123	98	
36	63	53	46	81	113	113	71	68	94	107	121	103	104	96	120	106	118	115	81	72	123	0	109	52	80	12	117	95	81	119	106	68	85	64	118	105	83	60	75	84	51	115	88	117	86	115	66	72	63	
120	86	112	87	109	60	46	107	24	67	113	109	102	60	5	70	73	52	59	91	60	111	112	0	111	46	111	88	50	51	43	112	56	85	110	89	52	110	74	51	73	85	67	96	29	55	81	101	61	110	
114	98	102	42	55	86	104	50	95	72	60	10	31	90	32	42	99	52	51	64	36	92	95	16	0	41	96	79	54	39	51	98	45	93	110	95	40	99	85	40	70	80	74	100	39	57	70	112	70	108	
117	116	69	5	68	92	78	95	119	81	120	84	87	50	100	42	106	87	83	104	100	86	82	40	96	0	96	93	118	99	82	115	66	80	23	38	105	58	57	64	101	95	90	42	113	51	82	32	38	79	
92	107	55	121	78	34	40	85	104	107	105	108	88	72	60	97	97	58	65	96	46	96	98	119	44	4	0	94	116	100	81	113	66	78	25	38	103	55	54	62	102	94	90	41	110	48	81	30	38	81	
45	72	35	51	104	77	64	99	58	63	57	53	60	58	52	119	103	61	57	89	88	6	8	112	116	98	9	0	113	104	87	109	70	74	19	39	103	57	61	67	107	93	92	45	106	48	83	32	38	74	
115	92	50	92	84	69	76	103	78	57	67	22	43	65	32	62	68	23	17	105	31	86	87	102	67	84	21	107	0	23	56	30	66	60	109	106	35	72	61	92	73	63	63	99	22	64	79	106	85	91	
61	59	86	82	69	111	106	120	13	78	56	9	16	94	38	79	53	64	74	51	50	91	89	47	120	84	71	63	60	0	52	57	13	39	109	63	64	97	65	102	21	66	59	67	71	49	98	77	103	83	
58	17	66	43	56	89	75	85	104	86	27	55	37	100	115	59	95	71	78	95	30	116	113	67	119	105	92	96	51	39	0	76	39	29	80	75	63	106	64	86	56	59	82	35	36	50	108	41	77	112	
3	44	100	53	61	112	108	32	122	87	45	38	52	74	115	72	117	90	93	44	112	48	48	99	98	107	75	62	89	73	22	0	46	22	83	92	47	115	58	77	63	75	100	33	40	68	95	48	96	114	
24	52	68	68	84	37	57	97	48	106	93	100	102	6	60	23	123	108	116	53	52	122	120	81	32	11	93	45	95	102	123	118	0	108	41	36	88	115	100	104	103	117	52	86	122	90	120	78	81	15	
88	112	123	53	25	48	66	111	101	106	120	81	71	106	99	35	98	71	63	51	94	36	34	112	44	7	91	118	66	49	29	69	98	0	96	90	118	92	22	89	10	60	123	114	38	116	36	57	114	107	
15	31	55	70	56	64	77	58	69	86	54	98	91	97	106	111	79	48	54	99	3	91	90	99	17	36	85	16	116	103	111	102	104	74	0	103	65	53	75	107	69	65	71	108	93	116	49	30	48	90	
41	74	92	80	90	71	88	95	104	86	109	65	68	45	98	99	84	118	121	116	59	100	99	59	104	70	58	119	26	29	58	21	54	120	81	0	85	97	53	35	76	50	71	30	18	74	60	79	42	47	
62	34	32	100	120	69	82	49	114	58	42	55	38	74	94	41	120	121	121	52	77	110	106	76	121	116	82	16	108	115	100	117	116	57	86	75	0	116	86	92	93	47	65	81	80	64	51	25	55	112	
58	45	63	73	54	26	45	114	119	85	77	67	57	57	105	77	93	73	69	23	111	47	50	106	29	18	104	79	65	83	71	117	102	105	36	84	79	0	108	114	56	34	41	116	77	30	88	57	29	73	
108	120	74	97	107	80	77	90	94	119	82	79	91	75	67	94	56	83	78	53	71	40	38	97	81	100	18	90	113	123	121	79	67	97	18	86	105	75	0	116	59	90	38	94	105	52	86	91	55	63	
77	69	88	48	20	65	56	90	71	108	47	73	69	116	121	89	75	91	96	88	102	86	86	65	48	52	97	82	123	108	98	76	40	84	123	58	56	96	21	0	41	70	44	79	85	61	80	95	51	71	
118	98	90	50	111	109	108	40	123	82	66	85	69	68	67	52	86	67	75	41	57	40	40	79	76	83	68	94	84	64	77	9	38	82	77	37	68	98	86	78	0	48	45	7	104	98	84	34	119	66	
75	67	66	112	115	77	95	31	99	78	35	35	50	81	88	23	96	65	53	85	61	122	120	122	17	37	73	104	52	34	83	116	120	50	115	61	55	70	51	93	98	0	103	97	108	81	96	65	76	108	
40	26	34	76	15	40	55	120	79	106	64	79	97	117	65	83	39	51	58	55	99	28	27	104	31	55	102	50	110	108	59	119	101	14	91	68	50	73	83	108	123	123	0	41	104	47	92	76	52	118	
65	105	106	98	90	101	102	47	88	72	57	97	81	104	92	31	105	91	97	37	95	109	106	102	22	55	118	87	43	35	20	91	102	20	110	40	66	116	39	112	117	108	55	0	79	59	70	47	27	87	
69	69	50	99	57	34	37	100	26	91	44	16	17	101	81	17	108	67	70	47	73	92	90	66	81	54	52	88	36	18	64	117	118	91	90	57	118	98	77	121	109	62	108	107	0	101	115	112	115	21	
74	77	52	45	58	75	63	86	56	89	40	84	64	76	53	55	102	102	106	17	97	42	42	74	112	91	90	57	104	83	34	57	79	98	102	17	81	101	17	107	103	76	86	118	116	0	108	107	93	110	
55	40	96	38	77	77	55	108	104	60	46	67	56	54	63	41	108	119	119	72	76	62	64	52	98	92	54	120	48	52	4	76	73	111	32	94	64	86	110	88	92	81	84	67	67	36	0	108	112	107	
112	71	69	69	78	112	100	79	111	62	20	48	33	122	75	76	57	44	47	105	35	118	120	42	95	94	51	55	76	55	50	56	96	44	56	75	38	100	41	91	104	123	22	49	96	63	46	0	111	90	
103	111	63	36	38	68	52	123	112	101	111	97	84	66	123	97	44	46	43	77	29	65	64	63	118	104	105	51	76	84	75	117	117	120	41	92	67	63	48	91	118	111	102	97	65	85	33	120	0	112	
89	87	43	113	78	56	64	83	61	98	51	26	23	122	93	39	82	116	107	67	105	60	63	68	119	101	14	82	115	123	106	38	61	107	109	108	123	20	94	60	67	97	63	65	37	75	92	18	116	0	

0	96	35	47	93	47	120	91	81	50	85	76	8	84	36	43	119	82	45	66	105	87	109	70	120	4	111	77	35	17	46	7	32	80	97	2	3	93	92	3	62	53	121	69	57	33	111	95	34	75	
38	0	58	44	121	33	119	104	80	55	110	79	37	70	53	25	111	61	34	87	121	57	87	80	122	40	103	64	22	30	10	40	43	114	102	38	38	56	89	36	33	16	104	44	43	17	123	73	46	73	
10	94	0	83	30	104	113	69	17	42	60	123	71	44	42	104	76	93	97	10	109	62	66	69	103	74	107	49	110	69	88	102	69	96	104	118	74	57	95	106	84	94	105	98	77	81	47	27	85	101	
57	78	27	0	31	97	120	50	31	40	80	122	77	50	35	98	92	102	90	30	102	52	48	56	84	93	120	35	96	76	75	111	53	73	103	109	48	42	117	121	70	86	95	116	77	74	37	17	89	101	
48	68	28	57	0	48	113	63	40	74	105	114	42	73	59	100	120	85	38	63	81	87	53	89	67	102	77	29	64	93	103	85	81	35	55	69	43	73	82	90	41	112	45	86	115	106	41	52	88	76	
45	110	114	70	45	0	73	101	28	53	63	83	55	94	23	77	77	64	72	93	113	59	22	85	43	61	104	53	87	64	103	49	120	58	82	97	27	113	106	56	40	84	18	108	113	109	24	50	61	97	
44	67	37	88	80	117	0	118	111	118	106	73	83	29	96	52	106	77	61	109	42	123	104	98	104	101	118	113	66	79	44	94	115	122	117	105	100	66	69	75	100	123	113	119	82	79	110	74	101	89	
103	42	46	88	63	36	43	0	80	81	73	63	105	28	84	73	103	40	95	116	4	83	122	103	78	113	85	112	78	45	29	96	75	101	117	114	74	44	81	41	123	95	78	84	89	93	97	36	79	80	
10	103	65	71	96	104	58	88	0	38	120	89	43	83	115	59	82	75	69	120	85	83	55	50	34	79	20	65	82	120	92	26	27	104	59	66	94	115	22	104	42	107	102	41	17	60	93	64	46	17	
15	98	79	115	118	89	86	113	86	0	90	107	50	14	104	102	37	122	28	65	21	82	84	106	61	116	68	94	30	39	92	74	68	48	57	68	104	123	95	83	118	34	101	106	92	117	25	98	74	85	
34	120	96	27	41	45	58	86	60	75	0	64	59	81	111	104	108	72	49	44	81	10	64	107	18	123	9	60	52	58	89	45	10	67	91	39	99	61	43	121	55	58	35	87	39	121	90	48	52	74	
16	104	82	105	106	76	58	81	91	110	84	0	68	21	58	90	83	96	83	111	101	89	76	89	89	74	77	80	103	88	77	52	85	96	12	112	96	73	120	65	40	117	102	58	88	74	65	92	41	37	
94	70	77	61	42	59	40	109	79	46	107	108	0	90	76	109	36	14	100	51	76	93	72	81	81	81	100	70	28	42	40	123	33	93	104	34	17	87	99	44	108	71	25	84	41	69	94	52	100	72	
112	21	60	75	63	51	86	37	111	81	104	79	62	0	27	93	70	67	112	50	56	62	16	77	96	111	46	11	73	50	23	110	86	84	112	58	48	74	122	69	105	72	51	84	44	30	70	32	116	47	
28	104	67	19	29	43	85	39	117	100	54	52	23	73	0	85	119	105	102	83	95	71	82	16	84	40	29	73	99	72	52	73	17	16	118	60	75	78	90	57	92	16	46	109	84	88	49	77	92	98	
81	23	42	69	45	42	102	95	65	72	106	86	56	86	99	0	64	74	60	56	64	110	107	89	57	122	94	41	15	55	58	75	104	101	33	106	107	43	55	58	72	93	97	31	104	116	93	110	91	48	
2	95	112	66	87	110	114	93	119	83	21	77	11	95	116	46	0	80	102	67	47	82	66	51	59	86	72	69	59	77	61	39	100	114	28	94	111	44	12	13	56	63	101	61	83	76	76	69	96	48	
14	93	89	26	8	50	89	71	86	101	52	82	50	79	90	56	115	0	57	61	79	47	97	107	111	120	110	114	91	40	62	118	70	45	93	93	50	98	106	117	122	100	108	67	77	78	55	68	56	118	
14	90	65	29	51	81	118	71	106	87	55	87	29	75	74	42	32	105	0	98	55	120	83	90	42	92	73	21	58	98	45	83	83	69	81	41	61	31	87	39	98	12	43	62	77	96	115	109	69	25	
21	97	64	28	55	27	71	63	60	68	55	116	68	29	53	109	115	75	68	0	104	117	55	103	87	107	112	62	81	93	26	40	31	29	121	103	80	70	83	93	123	61	31	112	82	80	85	110	47	77	
87	75	40	87	114	71	21	119	60	42	99	50	63	82	85	14	76	10	63	68	0	117	100	70	58	97	87	112	43	72	76	95	95	56	56	66	58	71	38	37	102	30	76	99	90	15	34	110	103	18	
56	115	94	103	109	78	84	121	63	47	91	88	56	101	81	74	46	63	48	89	58	0	97	64	14	57	92	98	39	26	72	44	87	25	3	115	111	62	34	77	50	37	39	88	64	68	68	104	117	47	
60	50	21	96	85	53	111	83	25	15	84	61	9	92	82	7	60	68	58	48	71	74	0	14	82	75	109	109	90	96	4	115	38	58	73	113	109	43	50	5	34	83	53	95	48	33	61	68	86	110	
111	17	48	117	107	105	56	99	24	44	64	109	112	42	35	84	112	54	91	66	54	115	25	0	81	67	85	114	80	100	24	102	42	60	60	114	118	28	58	22	55	85	31	87	46	24	80	87	64	90	
9	97	73	81	51	92	88	98	49	22	101	79	67	86	69	28	45	57	77	98	62	121	62	73	0	82	60	119	89	115	94	55	54	23	45	93	97	89	107	90	33	32	51	42	97	59	63	75	77	50	
15	109	70	44	28	25	53	82	88	58	49	92	28	107	106	110	103	62	35	109	94	68	121	121	44	0	69	80	65	117	110	12	52	40	24	51	56	67	107	100	45	30	69	70	80	27	62	110	98	83	
74	34	72	103	115	88	21	113	102	71	54	44	82	57	48	109	99	62	50	62	84	59	123	120	110	56	0	83	96	95	89	64	64	20	37	54	20	84	82	55	96	50	118	98	100	72	39	117	81	110	
10	100	109	105	93	51	27	98	47	80	19	74	106	92	69	48	96	110	119	37	91	99	43	55	27	102	123	0	71	96	38	89	86	112	111	121	107	46	57	96	85	86	53	83	37	106	103	77	53	78	
92	123	91	89	59	83	30	110	116	87	12	58	118	33	38	70	114	103	112	68	61	120	103	115	39	73	35	73	0	106	103	73	108	99	112	93	62	85	114	113	42	104	48	17	98	118	60	77	71	28	
53	44	98	27	12	55	41	90	58	71	42	46	80	25	47	70	18	82	97	80	75	74	43	53	62	116	111	47	87	0	63	122	112	90	66	85	79	90	53	117	112	76	52	83	45	101	68	64	67	62	
99	97	65	59	33	20	77	47	121	91	43	87	20	90	111	57	54	46	90	25	115	104	90	80	3	83	52	89	37	96	0	54	108	121	95	20	112	19	109	63	87	91	67	77	85	31	53	85	57	103	
95	81	47	45	24	29	92	31	109	89	94	53	42	95	78	109	94	77	110	21	118	35	119	120	61	116	103	27	96	104	102	0	104	70	75	106	55	85	86	72	29	39	118	80	44	98	79	89	97	100	
98	64	73	110	120	85	75	96	123	93	115	106	68	61	43	63	40	60	85	105	58	62	40	31	68	30	87	46	97	100	47	32	0	88	89	77	67	64	96	48	59	52	110	110	34	99	59	65	112	75	
78	36	76	31	32	54	100	119	108	107	89	94	37	101	101	82	59	48	29	112	41	99	42	38	86	98	85	101	34	92	40	84	85	0	52	43	93	105	32	83	74	34	47	42	110	23	40	42	60	77	
65	88	76	60	49	9	79	48	103	104	18	54	37	72	95	11	68	51	88	84	43	94	10	20	98	69	24	102	107	107	100	58	122	54	0	40	107	72	25	123	37	49	84	58	59	34	17	50	91	75	
23	92	118	42	17	48	91	113	115	85	99	91	37	100	111	79	88	33	74	45	81	69	79	72	25	88	20	97	95	113	70	96	92	56	15	0	97	75	30	111	32	45	73	52	48	39	22	51	85	74	
34	78	53	73	57	102	101	73	25	52	106	121	105	32	23	67	52	96	90	77	48	117	116	104	27	88	106	42	51	90	119	66	109	23	40	77	0	85	57	83	69	98	32	31	118	102	76	78	67	72	
112	120	70	104	111	103	72	92	51	59	111	112	72	41	41	91	45	66	119	30	111	25	86	73	48	112	118	64	55	97	40	45	120	70	73	57	93	0	123	92	57	78	64	74	64	85	53	85	31	27	
84	108	69	82	83	44	97	49	42	36	94	76	9	96	102	86	107	39	66	75	50	101	113	112	36	72	73	66	39	107	63	50	84	17	65	33	72	58	0	65	95	27	100	41	82	117	39	59	36	45	
34	94	45	88	109	90	20	105	109	122	68	56	105	37	17	70	116	122	92	83	26	109	27	23	86	41	99	117	90	103	101	64	42	58	31	27	80	96	117	0	30	101	47	116	49	71	111	61	115	85	
107	67	119	121	102	67	76	81	47	71	59	51	110	61	62	53	95	72	98	78	52	105	50	40	86	15	72	46	53	89	110	114	26	94	78	57	83	31	117	89	0	79	100	40	109	94	70	59	85	114	
103	98	83	77	80	52	88	40	60	84	102	97	57	103	90	60	119	74	86	82	36	119	27	15	67	91	83	25	53	87	34	84	55	35	67	102	46	67	65	82	57	0	121	95	102	50	25	93	100	113	
78	22	42	50	51	87	110	27	77	66	112	81	40	111	115	76	16	91	92	83	83	113	76	85	34	49	34	84	22	91	47	35	121	97	77	46	64	111	70	8	28	76	0	38	69	77	78	45	55	83	
55	72	95	83	108	72	69	101	80	115	114	112	84	53	38	53	78	105	119	27	91	62	58	66	20	76	20	81	35	101	106	66	91	38	85	70	95	77	61	12	32	50	111	0	107	101	104	115	73	122	
117	104	91	119	103	60	85	35	86	77	24	55	80	32	39	84	64	20	60	78	54	122	122	113	80	17	78	40	87	98	74	99	50	69	37	36	75	34	99	117	101	36	120	111	0	33	87	65	81	111	
7	97	119	101	87	73	86	83	58	71	101	112	90	52	58	97	96	68	49	76	73	119	68	70	115	101	42	50	93	57	57	56	77	85	39	12	97	54	118	93	70	91	53	29	98	0	86	92	84	49	
83	61	73	71	89	44	83	115	39	40	70	94	101	91	81	71	23	65	103	105	27	120	63	65	23	82	61	45	110	89	102	123	91	68	50	46	113	52	123	80	83	118	60	57	59	79	0	62	72	43	
76	98	48	76	105	86	28	109	107	85	84	50	19	73	75	73	90	85	62	103	69	53	112	114	86	64	14	78	109	95	34	67	72	48	47	71	27	84	63	42	47	39	122	93	19	23	85	0	22	69	
96	122	77	106	102	115	68	74	113	118	106	121	70	77	71	69	67	28	80	33	77	102	66	53	90	88	113	71	43	93	50	7	108	36	80	57	110	65	113	52	56	97	76	106	72	93	58	102	0	35	
32	78	60	60	88	63	87	61	37	64	105	95	41	90	93	9	59	78	78	97	104	42	95	95	38	57	18	90	90	40	77	120	92	122	83	45	115	74	88	97	86	68	82	68	44	29	102	53	37	0	

0	108	73	11	72	16	65	46	66	119	74	57	67	109	78	95	80	15	34	98	37	71	62	74	44	83	44	56	17	8	52	71	115	1	81	63	16	66	29	2	61	102	58	4	88	55	19	44	70	52	
18	0	75	12	55	21	77	57	67	122	67	52	55	101	83	88	80	4	33	97	24	78	74	81	48	99	27	72	4	20	41	85	114	18	64	65	21	59	34	18	46	109	56	19	74	70	12	49	76	45	
23	116	0	106	74	105	73	71	68	102	108	76	72	49	70	123	61	118	87	123	96	68	74	76	73	99	92	57	114	117	102	69	51	122	56	96	117	95	111	110	113	47	79	111	75	62	111	101	65	80	
85	112	54	0	50	81	121	96	54	95	87	95	29	55	76	111	21	87	49	75	66	112	51	114	68	100	95	27	66	81	106	90	14	90	84	117	73	52	84	105	113	45	107	110	46	57	85	80	41	122	
94	25	66	100	0	80	59	89	74	66	23	98	80	85	85	52	118	111	109	49	65	18	72	91	72	105	81	122	36	109	84	57	95	90	18	43	80	117	114	19	37	95	79	13	108	83	111	121	114	34	
69	72	87	72	42	0	87	80	67	58	59	73	113	75	78	51	103	117	119	58	63	25	92	90	84	93	53	108	73	118	55	33	112	61	47	74	110	90	100	36	15	117	96	30	97	56	116	120	74	70	
3	107	77	47	60	109	0	120	121	98	74	69	57	41	81	117	29	65	11	56	69	108	28	98	37	31	92	53	65	19	119	94	33	100	78	81	43	112	117	90	121	59	81	117	26	74	29	107	93	120	
23	112	39	109	64	35	92	0	56	43	28	67	113	86	21	112	73	66	101	46	63	112	99	98	106	83	106	64	70	75	49	41	97	14	120	90	57	98	30	29	119	44	123	86	101	88	70	61	106	59	
71	105	94	81	95	68	64	120	0	112	121	63	21	52	120	117	111	63	119	77	121	58	51	87	91	77	20	67	84	86	72	110	51	112	71	106	85	51	116	123	60	119	34	87	75	45	69	122	54	63	
70	93	22	117	102	86	92	104	54	0	71	53	66	3	123	77	78	69	76	51	98	100	11	40	56	25	49	87	43	45	74	81	53	80	49	113	110	45	79	85	18	123	79	41	79	91	81	88	64	45	
123	83	91	56	95	115	122	110	62	67	0	33	113	68	60	95	63	64	65	77	110	66	71	75	22	54	26	108	67	60	67	75	41	116	78	105	66	105	104	50	70	81	29	102	121	92	121	38	17	46	
29	95	66	74	97	73	35	105	89	51	47	0	74	45	70	96	51	29	24	91	91	80	89	104	47	15	44	94	106	15	64	49	39	80	103	122	36	107	119	86	44	90	19	120	81	67	89	67	47	33	
80	31	66	100	62	115	78	46	67	53	44	39	0	40	89	97	69	45	47	69	110	105	87	120	25	44	18	93	107	34	99	75	28	98	83	104	48	91	117	62	13	58	33	100	103	70	64	69	53	59	
21	88	110	25	58	105	57	72	88	39	75	97	57	0	92	42	99	22	15	116	64	65	33	77	67	42	69	111	86	53	66	73	65	118	43	99	76	122	61	43	59	56	52	88	48	14	114	40	102	41	
105	48	111	18	60	52	120	5	59	69	24	39	71	104	0	73	98	116	102	110	116	61	72	96	94	78	91	24	99	69	54	42	63	74	105	46	34	67	70	118	118	83	100	20	110	91	89	101	120	93	
8	111	37	96	105	80	83	119	82	73	91	62	84	91	89	0	31	116	101	78	62	66	98	62	100	25	24	66	25	38	121	83	97	79	109	80	89	54	43	112	97	12	13	75	74	24	40	97	99	49	
123	41	104	72	59	93	102	108	75	110	106	115	61	95	94	107	0	73	16	120	93	59	38	87	54	115	113	65	115	77	64	117	49	65	10	55	69	87	91	63	56	103	105	34	80	99	116	44	93	62	
119	13	72	53	26	82	55	82	106	99	114	85	14	36	94	28	30	0	30	103	93	63	24	96	70	102	103	50	104	78	45	90	76	84	26	68	72	64	67	74	68	99	120	58	83	89	87	65	111	77	
18	97	107	62	96	49	94	76	77	46	101	114	108	109	48	39	27	74	0	40	59	17	64	109	107	72	111	93	123	40	106	119	78	17	51	119	8	87	48	77	73	112	93	46	39	105	101	48	119	122	
79	123	100	95	114	73	25	97	119	59	28	49	110	96	47	103	115	72	63	0	91	51	120	123	61	93	50	61	67	58	55	70	75	69	14	100	68	60	41	120	17	57	101	93	46	97	110	52	74	75	
6	112	109	93	96	103	66	67	106	78	42	53	98	74	111	104	86	41	36	17	0	61	114	122	71	108	64	61	58	42	59	76	60	76	29	86	79	54	53	111	28	67	95	83	40	88	118	51	76	90	
13	106	58	97	67	46	95	111	108	37	57	81	111	115	40	106	85	118	95	65	104	0	59	58	85	39	92	88	123	78	100	123	94	84	122	115	47	76	70	37	113	63	73	76	88	65	91	74	97	109	
97	20	57	51	19	72	96	117	90	87	96	109	108	82	63	104	116	121	116	80	118	62	0	88	97	93	44	55	117	17	54	77	55	103	100	109	29	115	61	27	71	31	109	71	33	54	39	102	72	58	
31	78	104	68	71	19	97	41	16	112	69	95	45	55	114	56	50	47	32	20	86	27	67	0	117	101	30	15	91	80	102	65	15	80	34	79	69	119	54	81	87	39	79	102	58	76	74	43	8	52	
71	107	52	75	86	26	65	68	30	119	95	88	72	60	53	122	117	85	71	47	123	95	121	57	0	47	50	47	111	104	98	120	51	82	40	68	17	113	76	58	109	21	26	85	104	115	22	92	60	18	
62	101	43	85	44	93	24	110	102	11	62	42	67	35	120	88	62	120	93	67	53	34	89	45	99	0	79	88	81	79	3	97	67	60	114	57	94	58	62	56	39	114	85	76	104	75	101	88	98	85	
30	108	110	72	92	94	90	86	68	99	94	91	20	30	114	108	82	48	67	66	110	82	121	57	88	101	0	87	107	116	99	121	85	107	48	48	112	53	109	107	91	118	79	44	77	47	7	27	117	106	
83	29	56	105	81	108	107	88	98	83	85	115	103	92	76	107	89	84	75	67	47	83	105	59	93	93	90	0	112	96	116	103	94	66	85	70	46	82	66	25	68	107	60	47	51	80	92	74	100	48	
41	122	51	90	84	26	109	99	119	47	94	104	66	89	36	98	107	104	81	55	94	103	71	120	14	42	61	121	0	60	101	67	55	91	74	85	89	97	96	98	117	88	118	85	105	80	89	85	29	92	
122	104	36	111	102	97	12	115	80	59	114	115	97	82	55	43	70	14	25	58	49	72	22	108	24	34	65	33	117	0	51	109	84	49	77	42	56	72	72	41	114	104	12	59	52	48	60	122	122	33	
66	112	82	107	105	71	79	62	15	104	121	98	86	54	123	116	106	65	69	96	96	123	66	53	85	86	92	8	113	80	0	62	108	105	30	118	82	65	59	105	63	84	81	55	38	57	70	66	64	99	
5	104	46	79	56	106	65	84	109	74	76	79	64	43	72	84	95	58	33	33	69	71	63	51	106	74	94	108	40	63	52	0	110	90	40	79	88	58	24	83	67	52	69	32	73	44	35	71	92	86	
39	79	99	8	49	85	81	119	120	72	17	31	71	37	80	39	9	67	95	118	81	90	102	88	88	56	79	95	36	29	55	65	0	39	55	82	96	12	87	116	30	85	88	62	48	75	75	77	113	37	
91	39	77	61	65	61	89	35	58	114	84	79	82	66	53	64	41	59	83	94	117	109	111	63	76	45	64	31	85	78	50	55	118	0	86	120	53	108	104	73	92	105	84	104	106	52	82	90	73	102	
117	104	72	79	48	73	49	85	30	104	106	99	41	32	122	64	57	111	86	69	68	116	102	62	112	106	69	106	74	36	44	61	122	84	0	112	102	110	87	51	26	32	7	63	89	99	47	105	34	21	
74	41	75	42	85	65	105	38	29	104	42	56	63	79	17	60	53	47	61	48	109	50	59	82	51	52	44	108	28	81	71	73	80	77	91	0	80	32	31	59	80	102	95	37	13	123	65	38	73	104	
108	25	53	54	7	77	18	104	57	106	54	71	57	61	65	65	38	71	49	27	68	15	48	46	120	103	62	70	86	82	70	14	99	120	86	59	0	83	48	79	66	65	120	67	49	106	104	70	94	53	
94	47	95	87	85	90	103	74	62	76	42	22	71	55	74	8	26	71	68	48	69	75	30	108	38	42	43	88	39	50	67	64	118	95	115	24	101	0	96	71	120	116	75	81	88	16	55	107	102	65	
76	97	42	82	47	48	122	39	42	91	52	40	108	120	100	64	68	73	82	52	103	106	51	62	93	67	102	100	62	99	80	86	119	84	21	96	76	19	0	64	107	119	80	69	98	16	68	108	89	79	
104	48	87	50	54	123	49	77	82	64	72	73	3	38	61	77	53	110	83	59	108	49	32	104	27	26	68	38	85	83	46	51	93	63	54	62	121	39	92	0	38	36	23	111	83	98	77	88	83	118	
52	61	87	35	65	84	58	83	38	84	57	26	73	69	94	68	77	55	79	42	81	117	122	119	102	77	48	68	52	96	74	86	84	67	78	87	66	61	110	54	0	66	60	102	62	83	24	109	63	79	
86	31	47	77	42	71	24	117	62	115	47	15	78	80	92	95	89	45	43	58	92	46	54	88	44	24	89	56	105	56	60	38	93	102	69	70	83	108	86	119	91	0	41	31	55	89	101	29	118	120	
111	40	112	95	56	36	66	112	63	121	109	123	97	68	31	62	48	68	41	56	70	101	66	43	91	59	119	88	31	56	91	55	86	112	106	51	86	24	94	83	87	48	0	75	38	54	71	59	108	84	
120	88	24	86	40	80	92	60	94	59	121	119	103	88	86	117	94	113	107	103	97	96	80	122	117	79	35	115	40	82	58	34	109	123	86	76	110	74	105	111	116	92	119	0	117	110	112	117	34	66	
82	67	62	91	60	62	104	35	29	103	83	63	93	102	76	26	6	73	88	85	53	32	84	73	86	119	90	47	89	74	121	79	119	122	99	27	101	94	44	37	70	87	109	106	0	100	68	23	82	104	
47	87	28	95	59	89	92	32	72	71	33	12	83	111	99	90	86	96	75	69	107	75	100	116	39	13	82	96	108	89	73	27	91	69	42	85	63	103	81	54	24	53	55	116	29	0	57	13	93	109	
28	83	42	96	107	73	78	101	104	72	64	76	70	52	122	84	58	114	100	80	27	86	45	103	108	82	17	85	54	33	51	66	102	78	94	93	57	85	114	90	110	122	90	69	96	85	0	78	95	102	
55	76	81	86	53	68	63	79	61	102	50	36	85	48	55	41	24	83	69	59	36	68	56	33	96	106	82	108	38	45	10	67	70	104	36	107	93	93	25	46	52	46	14	75	43	91	115	0	38	63	
10	101	120	29	54	99	104	27	40	97	45	15	87	74	102	123	110	116	92	116	91	106	53	82	43	55	48	93	32	57	7	64	109	87	59	90	37	60	97	48	41	105	117	60	73	92	91	79	0	89	
60	112	112	99	65	52	90	56	41	95	55	83	53	32	73	22	40	56	77	79	117	74	23	102	40	9	84	96	74	82	66	120	76	110	53	76	41	57	98	103	101	92	91	99	55	51	61	81	97	0	

0	101	85	89	28	86	12	100	49	50	82	123	51	28	11	103	27	96	110	81	99	118	123	116	100	84	63	41	27	31	111	12	51	115	20	122	120	74	18	46	43	100	45	94	47	98	116	73	113	102	
31	0	91	93	30	105	20	112	25	29	100	104	80	10	24	111	30	118	110	79	101	102	95	86	85	106	43	12	55	24	91	28	72	109	22	109	98	56	21	50	26	120	31	76	19	123	117	63	107	76	
100	83	0	105	83	72	87	50	105	70	30	23	41	78	72	62	83	110	115	123	103	122	122	117	13	113	116	81	95	96	60	99	100	38	103	58	103	35	94	112	58	71	84	123	91	49	55	30	47	122	
10	99	81	0	87	95	14	87	97	87	96	66	88	33	21	46	22	58	71	75	49	60	109	95	84	82	121	86	93	122	51	107	115	81	52	32	37	108	105	57	100	104	4	70	91	38	119	107	117	53	
66	83	31	92	0	11	80	42	86	90	22	56	69	64	90	121	106	84	55	114	102	36	58	59	89	84	52	87	41	60	112	64	77	104	54	64	103	111	90	59	74	83	89	94	112	86	68	97	93	53	
105	116	119	121	75	0	117	86	98	74	91	101	60	99	47	83	43	118	27	82	102	103	40	86	86	75	26	31	101	103	65	83	15	74	47	32	68	68	34	111	89	99	79	90	52	68	53	103	84	52	
23	84	92	96	79	69	0	78	101	49	63	94	78	52	99	68	71	54	81	79	60	105	38	55	80	33	69	93	68	69	77	33	73	122	49	64	83	19	44	92	66	114	123	26	78	84	26	123	92	101	
116	118	77	70	29	34	91	0	77	95	35	104	21	100	43	73	78	43	14	42	67	80	116	98	78	89	39	39	88	99	76	90	63	58	68	73	102	93	57	8	92	67	92	101	100	71	102	118	122	111	
78	46	98	99	23	23	113	38	0	113	17	70	51	112	12	53	44	64	29	22	93	66	115	107	61	56	56	59	53	77	107	114	94	45	63	85	116	71	55	31	81	76	102	121	93	43	88	92	115	91	
4	100	46	116	94	94	100	99	111	0	106	78	63	19	105	104	108	58	85	107	109	71	80	14	114	109	59	85	77	87	5	116	87	82	108	107	66	78	121	116	83	110	102	92	69	116	81	42	101	92	
39	108	44	92	91	99	19	60	45	110	0	97	105	103	80	89	64	95	61	46	8	55	78	116	53	50	85	118	75	115	107	60	108	86	21	32	98	100	18	45	108	8	25	33	120	111	88	101	54	48	
79	63	117	102	27	35	90	36	84	30	82	0	27	108	63	84	99	54	81	58	85	95	99	72	42	56	83	53	63	46	37	54	105	14	88	69	25	68	83	92	27	85	61	112	109	119	86	68	55	114	
69	115	112	106	96	93	45	53	123	15	97	121	0	114	82	54	123	89	84	67	49	110	51	71	121	94	104	76	109	116	116	69	117	112	44	61	99	104	89	122	109	53	121	21	71	41	88	117	107	46	
54	104	58	97	11	6	115	47	49	90	60	47	25	0	96	72	120	77	86	72	70	114	67	88	107	107	117	66	94	105	93	60	101	93	63	38	95	93	111	110	110	38	99	29	60	19	90	98	99	43	
8	99	67	109	89	86	45	59	55	62	116	38	30	113	0	103	17	61	88	116	57	6	61	108	73	25	67	49	44	23	91	91	75	106	52	81	69	29	97	32	58	109	33	86	99	115	88	116	85	103	
44	68	120	48	40	37	90	38	45	97	111	51	69	75	119	0	122	102	101	14	105	121	88	58	115	101	88	77	84	108	81	122	71	67	76	107	115	107	80	96	99	82	107	95	84	121	120	116	45	115	
102	114	59	91	68	77	55	67	75	60	48	90	104	38	78	122	0	120	51	110	21	44	114	96	85	25	122	58	90	23	45	65	114	57	109	44	83	84	90	36	29	50	22	43	49	21	22	72	111	122	
41	118	72	45	71	70	56	74	75	85	69	53	32	113	123	38	86	0	104	115	101	119	75	121	27	81	108	73	49	89	56	103	35	49	89	48	28	70	119	51	64	122	80	119	38	97	83	105	41	62	
18	92	117	28	61	63	75	10	75	106	70	91	107	24	81	103	99	88	0	110	54	62	19	49	87	104	55	84	64	82	113	89	76	122	107	109	108	90	97	97	37	115	27	105	82	113	15	63	56	84	
27	100	69	78	87	86	95	45	90	75	113	28	27	92	76	118	109	78	50	0	99	72	54	94	84	65	98	71	68	109	102	82	66	102	92	96	79	103	87	109	14	101	67	113	118	95	44	14	44	51	
47	80	18	89	73	69	66	33	65	57	101	117	115	28	99	14	118	78	81	116	0	123	94	122	112	113	117	70	67	23	80	116	77	117	26	85	76	75	95	76	111	103	117	4	7	31	89	122	76	85	
102	95	122	54	84	90	39	108	68	63	115	49	41	112	108	68	109	91	49	106	27	0	103	96	108	117	93	83	57	45	96	93	57	100	36	79	79	85	117	55	110	111	116	29	32	26	83	96	92	62	
101	99	98	72	19	19	119	99	120	64	69	39	38	106	53	81	68	103	19	104	23	101	0	82	30	85	94	111	57	61	38	21	108	95	67	69	45	80	75	67	119	28	79	76	110	119	95	81	51	51	
86	112	58	107	111	108	60	44	117	12	100	121	119	78	72	65	111	45	65	65	52	82	102	0	115	102	50	65	59	58	70	110	45	90	89	74	70	61	94	64	33	112	49	103	74	123	119	60	100	71	
116	39	73	33	85	91	98	61	22	95	89	44	54	104	58	51	107	68	48	64	52	108	58	96	0	9	52	110	38	96	92	104	117	60	43	28	116	71	62	114	122	98	115	59	85	51	75	48	114	106	
123	94	80	56	104	108	93	36	54	89	120	123	120	57	122	83	118	120	76	109	83	113	83	57	66	0	35	92	32	114	119	96	110	39	31	68	108	59	21	87	89	48	75	121	117	27	19	41	97	76	
20	115	120	102	71	66	81	113	91	31	119	87	84	52	80	79	121	113	104	87	109	53	109	86	30	33	0	93	55	115	119	101	81	16	30	87	112	55	37	113	85	53	64	123	115	58	29	44	85	105	
110	63	80	82	17	14	110	105	40	82	61	109	119	70	109	34	116	8	104	94	91	112	85	120	100	107	116	0	100	115	92	27	71	104	100	77	60	78	84	44	68	114	82	111	117	123	88	74	37	105	
11	98	104	117	63	65	97	58	52	115	89	29	43	80	98	55	69	104	29	115	37	96	27	74	107	112	110	69	0	118	59	73	68	111	82	79	69	74	52	49	19	98	104	123	53	113	51	119	103	51	
116	63	73	109	35	27	105	112	64	50	64	75	87	119	30	90	116	61	110	117	108	97	110	114	11	4	34	108	119	0	95	84	121	65	60	107	55	102	122	80	104	32	94	120	98	20	104	61	91	114	
73	50	97	105	51	52	117	109	104	106	109	56	56	93	4	102	109	89	20	92	94	70	42	82	89	91	99	122	75	80	0	73	112	102	71	64	78	30	103	31	110	79	15	44	50	84	119	52	87	64	
120	23	86	62	39	47	106	79	112	35	121	67	65	59	99	50	82	99	122	52	53	94	26	98	25	19	25	116	100	101	53	0	78	122	110	64	57	24	56	41	107	105	46	58	75	49	77	10	83	20	
19	94	62	101	121	117	22	92	46	73	69	37	38	120	105	111	69	91	117	50	66	122	21	79	49	49	25	100	14	112	123	64	0	81	111	10	27	70	89	44	81	110	76	71	15	108	64	57	65	65	
73	109	83	88	61	64	63	117	67	73	61	70	78	100	49	108	65	65	62	51	71	68	113	77	115	107	76	50	84	38	64	36	106	0	108	105	80	107	31	107	80	40	105	97	94	94	100	51	108	103	
123	109	91	56	48	38	97	20	82	82	88	56	50	112	51	54	102	38	77	53	117	78	79	32	84	79	65	111	85	58	87	87	109	111	0	112	65	56	111	53	87	80	113	94	40	89	18	107	63	114	
7	95	106	95	78	76	86	71	101	21	100	42	51	99	123	105	116	37	111	54	112	114	14	72	47	41	33	109	118	121	120	92	21	63	108	0	111	78	4	101	89	105	109	74	91	123	110	18	109	38	
2	101	87	108	119	112	113	89	68	81	91	42	38	81	59	55	90	74	34	110	92	63	56	31	119	119	120	94	98	55	63	48	75	48	86	88	0	31	87	75	18	39	32	57	97	114	106	103	42	82	
115	87	102	52	98	96	105	63	117	41	68	122	96	68	122	61	123	4	103	99	116	17	90	97	77	69	51	54	102	39	118	86	89	40	96	121	71	0	63	7	85	43	84	58	68	123	94	71	40	31	
34	98	106	27	98	92	50	112	45	85	56	54	68	95	99	63	92	75	88	35	84	67	90	123	79	78	102	35	104	114	40	52	97	56	122	32	91	97	0	96	38	69	31	122	102	59	43	33	73	105	
27	97	88	49	46	39	92	41	70	105	100	105	86	55	44	71	92	91	108	44	96	62	54	45	82	74	66	120	69	58	81	37	66	63	99	72	94	103	95	0	83	39	99	112	113	39	67	83	51	46	
111	44	56	97	110	118	36	112	100	64	47	115	105	79	96	64	82	112	88	76	105	66	113	87	115	119	96	98	60	65	96	24	57	62	115	47	80	109	105	77	0	52	112	89	67	84	52	115	82	97	
30	97	39	98	121	118	39	77	39	104	112	80	69	48	110	57	72	108	91	111	52	103	49	70	114	113	85	57	98	21	100	30	96	61	48	109	51	80	23	99	114	0	71	87	63	31	64	44	40	26	
83	122	40	113	42	46	86	64	80	102	112	67	71	59	56	95	71	104	94	116	80	121	116	109	79	72	56	97	17	105	39	103	45	74	78	56	92	89	93	66	110	63	0	115	111	69	112	47	73	85	
123	48	91	80	39	40	107	44	41	102	111	33	52	65	81	28	99	49	100	40	68	58	62	28	108	108	97	76	112	96	84	23	57	44	88	98	16	25	63	89	96	55	29	0	98	64	95	19	67	68	
58	60	59	48	63	61	74	92	73	78	95	4	24	108	93	93	65	98	20	100	4	120	69	119	105	102	106	36	105	22	93	115	113	53	80	83	79	100	97	93	95	65	99	110	0	69	116	110	121	62	
68	75	55	90	108	109	75	49	29	102	82	94	93	44	85	38	119	71	35	111	45	91	35	112	76	73	65	90	87	55	43	81	38	72	65	86	39	21	58	90	16	45	97	60	49	0	121	78	112	19	
42	75	112	9	88	82	37	57	106	61	92	17	30	104	12	95	103	87	120	101	76	122	79	123	101	105	120	49	118	21	85	25	54	54	121	120	28	43	90	22	70	62	29	119	36	92	0	122	37	75	
59	83	23	85	83	78	56	71	43	118	19	87	69	76	97	109	82	45	89	123	116	54	97	99	75	71	65	98	74	52	81	9	76	43	103	25	95	73	87	121	41	32	78	70	122	115	81	0	104	105	
78	121	55	60	62	63	90	37	92	80	89	11	19	110	112	45	120	81	58	114	113	51	63	46	87	81	110	74	114	73	57	45	109	103	58	98	70	80	89	61	27	42	56	71	107	82	44	86	0	78	
99	115	61	100	117	118	87	105	109	58	113	50	38	92	42	75	108	24	95	105	23	120	48	110	53	50	81	55	113	18	80	64	28	58	106	34	83	94	109	20	67	47	82	116	68	51	76	81	108	0	

0	80	40	24	21	5	57	32	104	50	6	78	117	108	28	101	116	91	50	52	56	57	18	67	82	50	56	89	60	118	97	97	74	56	121	15	60	97	46	40	67	94	38	60	79	65	38	114	76	7	
42	0	64	53	52	41	38	62	72	81	43	82	91	92	44	80	96	97	48	87	33	97	57	56	77	87	43	110	95	79	62	94	54	76	114	53	76	123	36	50	65	91	57	21	101	93	31	95	77	38	
81	23	0	72	56	22	25	44	73	74	32	91	71	95	52	101	109	103	46	67	52	80	36	48	75	73	48	105	103	100	40	84	59	61	109	60	84	115	24	37	53	90	75	19	101	74	16	86	86	20	
13	76	55	0	3	58	32	59	57	39	60	97	73	46	46	88	122	65	80	61	44	67	28	101	50	95	27	91	114	122	81	120	73	114	76	76	81	79	59	54	11	95	102	48	114	28	51	122	122	51	
98	61	114	91	0	53	79	95	116	53	33	8	94	89	115	103	115	112	88	44	65	82	90	31	103	16	93	34	104	110	21	53	118	77	71	34	120	110	33	77	95	32	22	66	30	93	43	33	95	122	
117	102	85	111	109	0	76	93	69	58	82	105	47	37	70	16	57	22	52	99	65	103	105	101	53	105	119	87	12	79	100	105	52	71	112	118	46	103	115	49	15	103	95	123	104	53	114	113	85	27	
53	118	58	97	96	108	0	69	74	56	41	9	81	107	87	104	114	111	80	90	46	113	102	57	100	101	94	24	105	103	60	55	83	68	37	71	78	73	45	91	96	41	105	24	66	107	62	85	47	111	
38	84	47	91	92	59	38	0	42	42	38	38	51	99	101	106	112	107	85	123	56	78	106	38	109	81	80	31	93	81	94	18	56	47	59	93	76	95	21	96	99	51	94	59	56	71	46	59	47	110	
101	98	77	99	99	113	93	114	0	122	123	82	82	78	104	39	74	106	50	83	116	75	105	93	73	105	55	112	43	91	68	117	95	99	117	100	56	116	97	76	97	89	70	115	81	64	119	100	90	123	
113	36	39	68	67	36	41	54	76	0	77	85	43	8	94	84	22	118	42	19	51	82	68	110	12	107	120	58	92	120	91	72	101	25	122	38	104	87	120	22	88	65	103	67	47	82	46	89	69	78	
19	70	111	43	42	72	121	115	122	40	0	106	17	35	55	85	45	102	69	51	43	116	101	71	49	117	100	27	93	121	68	88	72	44	122	4	83	93	84	58	93	70	97	59	24	65	79	73	70	49	
23	63	28	49	49	73	46	39	71	113	55	0	70	44	14	111	47	73	56	7	47	86	98	25	64	71	63	30	78	86	115	114	116	17	94	57	86	45	69	108	98	122	88	77	61	70	56	35	88	100	
40	43	103	40	41	27	75	94	70	58	50	116	0	79	120	8	79	103	107	119	84	88	116	103	92	59	120	111	108	35	92	70	60	112	82	70	32	99	60	107	23	38	55	80	122	79	70	91	123	101	
76	64	81	119	120	113	73	46	32	105	39	93	101	0	72	106	26	52	95	75	85	115	41	35	58	109	78	87	57	83	86	110	79	54	20	99	107	93	112	37	112	96	57	75	95	106	37	68	117	89	
89	119	65	99	98	92	70	57	92	101	108	26	86	19	0	110	43	56	80	70	81	120	58	52	58	104	60	102	70	97	99	97	91	68	5	114	123	94	97	19	101	104	57	75	110	106	39	83	104	75	
93	25	52	98	98	74	22	66	41	120	63	67	84	55	114	0	115	103	68	97	68	39	68	76	68	72	60	16	46	93	47	50	28	67	112	97	30	59	91	114	94	84	61	68	15	56	120	86	79	49	
71	20	72	105	104	68	22	54	61	113	56	87	107	58	21	113	0	38	121	72	80	111	58	83	101	100	71	116	120	71	86	94	112	92	55	116	108	69	90	26	104	63	105	113	104	109	65	106	93	99	
60	109	74	48	48	32	72	99	98	28	72	81	41	85	118	21	105	0	77	90	42	93	64	107	103	38	96	42	71	44	29	51	19	33	76	82	103	77	33	82	44	45	58	110	38	37	42	35	42	36	
87	66	103	54	55	85	14	80	69	59	46	62	47	105	45	102	117	98	0	101	82	73	72	47	118	96	88	109	60	88	91	74	95	119	123	75	108	111	119	30	93	112	53	62	73	114	86	83	92	90	
6	75	37	57	56	47	89	109	85	101	122	62	123	92	64	121	101	90	43	0	71	60	37	64	116	82	78	120	58	56	52	108	92	113	91	76	117	122	84	29	82	70	73	27	86	106	93	79	99	95	
57	74	15	66	66	107	42	80	45	110	104	91	47	99	61	121	73	40	66	78	0	121	87	101	121	84	46	93	115	47	104	64	16	63	45	47	61	58	110	60	32	83	108	55	13	39	92	2	104	22	
49	70	65	38	38	87	98	54	93	93	49	105	123	68	45	91	68	87	100	110	58	0	101	94	99	73	33	68	108	70	62	41	50	11	98	81	83	66	81	96	76	88	94	71	68	51	57	58	87	45	
54	80	19	56	56	20	70	58	25	111	104	63	50	66	122	73	65	37	80	87	40	122	0	93	105	69	119	73	45	54	99	92	80	116	60	58	110	68	69	47	107	109	78	95	123	92	101	70	102	110	
97	75	28	63	63	25	53	69	95	37	101	77	23	61	55	62	92	108	65	54	39	118	53	0	91	20	72	43	51	8	57	46	56	95	79	30	78	77	66	37	64	110	38	78	99	42	99	29	74	116	
115	101	110	121	120	72	7	72	99	102	27	119	53	32	51	80	123	108	65	94	98	29	84	55	0	66	81	28	32	60	35	44	103	118	46	45	122	104	89	30	70	120	19	95	106	72	56	80	122	94	
59	85	89	79	79	76	43	70	104	33	69	123	97	84	85	115	1	38	65	110	88	93	107	43	105	0	77	105	94	71	118	94	17	30	95	103	121	90	33	98	89	76	100	69	111	36	72	80	89	13	
6	79	97	121	119	73	47	70	73	123	122	92	104	119	92	84	44	72	103	33	84	109	88	23	107	90	0	111	69	56	80	98	96	102	67	95	101	8	118	73	114	115	118	42	38	94	85	31	24	95	
61	118	109	104	103	122	76	109	89	59	53	56	28	62	99	110	83	101	49	70	17	112	40	82	48	73	123	0	117	105	74	93	86	62	119	48	74	117	19	121	50	114	58	112	90	120	60	123	121	82	
94	98	89	79	80	44	55	30	33	98	117	112	52	43	75	100	16	43	88	45	40	108	107	27	109	109	84	100	0	20	27	109	93	112	84	84	117	76	100	27	92	65	98	90	20	29	85	69	73	52	
119	118	87	26	26	77	71	23	22	106	61	114	82	98	118	92	27	36	63	52	63	120	58	71	42	98	114	116	84	0	72	57	97	34	41	92	86	107	21	80	29	48	118	85	72	66	29	78	113	119	
81	8	69	92	91	108	46	24	37	90	15	100	65	118	95	111	107	103	92	110	41	108	86	72	21	77	77	44	115	119	0	99	39	118	90	100	117	121	106	43	108	105	56	119	117	60	101	96	30	98	
44	41	75	27	27	66	66	49	18	116	106	96	41	41	43	71	88	98	55	94	58	74	72	32	98	57	62	121	115	109	115	0	79	73	56	65	119	101	72	90	54	12	102	59	71	100	17	36	121	57	
30	88	84	37	38	86	71	61	83	118	79	106	113	71	121	20	111	96	28	81	116	86	90	20	101	108	36	116	48	53	42	72	0	25	81	26	62	35	113	33	41	64	70	64	40	92	77	49	113	99	
2	79	61	100	100	101	34	46	45	114	69	62	43	108	104	19	105	83	9	96	61	120	90	97	113	104	117	27	102	89	29	103	61	0	29	56	5	51	106	34	87	46	122	40	47	116	83	18	102	45	
29	105	116	65	66	79	121	61	73	71	112	80	85	101	110	45	93	111	120	114	56	68	62	93	11	63	38	110	36	18	58	73	27	28	0	38	31	65	107	59	62	50	107	14	46	111	93	26	90	32	
57	73	21	58	57	59	63	15	55	69	67	94	35	101	68	115	7	41	88	122	107	103	34	100	93	32	69	110	119	120	83	101	119	123	107	0	79	119	24	116	101	85	80	103	90	98	66	115	48	112	
4	77	45	80	80	72	106	62	92	78	68	68	115	60	74	78	64	91	70	120	50	81	38	104	112	80	38	103	61	50	36	87	21	26	53	89	0	36	94	123	92	70	59	32	32	16	88	34	120	66	
56	47	23	79	77	95	51	101	119	73	84	108	42	96	71	107	38	65	115	73	100	61	67	90	41	87	15	116	58	59	24	115	106	93	119	89	110	0	64	89	62	61	112	113	79	121	43	110	64	57	
10	88	67	62	63	46	109	89	65	101	51	120	62	46	48	84	118	91	113	22	87	58	111	29	108	90	45	97	115	122	69	70	117	100	88	105	111	112	0	55	71	95	100	16	49	59	97	84	75	61	
66	53	48	60	58	77	53	110	105	76	17	100	42	56	37	100	70	85	85	26	81	43	82	112	26	86	48	119	78	93	110	34	66	58	54	89	58	36	94	0	68	85	36	105	72	89	64	21	79	36	
10	79	99	77	75	82	123	66	32	93	43	123	83	74	83	106	62	55	85	104	68	69	123	59	37	48	45	70	50	36	105	46	37	16	31	49	115	89	74	44	0	80	68	73	46	79	38	25	63	39	
37	76	87	60	58	18	87	96	109	110	34	86	61	44	113	75	58	82	64	81	91	77	98	102	69	5	75	82	78	76	17	84	86	89	103	82	59	64	117	100	71	0	81	84	97	28	46	82	65	72	
37	82	57	95	93	68	58	41	61	69	31	84	59	86	102	105	17	43	106	43	111	41	70	63	122	117	63	65	67	77	117	77	20	13	40	66	34	36	55	12	60	99	0	100	119	75	116	75	115	59	
58	114	54	105	103	54	29	85	117	47	114	44	109	55	69	55	94	98	68	109	50	95	108	63	66	109	111	92	57	44	104	113	67	86	59	92	76	106	74	49	108	59	81	0	70	91	62	37	107	113	
117	65	23	53	53	67	66	42	26	113	67	61	114	46	46	112	47	83	26	94	45	96	70	52	119	100	54	123	26	11	65	47	63	45	53	30	52	38	31	26	56	119	86	115	0	30	72	110	13	91	
55	51	109	105	106	110	107	101	114	90	80	115	59	123	53	107	114	80	39	99	74	65	40	62	112	100	75	46	112	120	54	64	94	88	113	78	4	37	48	58	58	106	41	117	97	0	78	100	88	75	
47	36	87	76	75	23	78	67	81	77	36	72	22	93	107	121	59	53	76	91	70	92	91	121	35	60	55	71	57	50	104	89	58	36	12	37	113	84	27	31	83	38	47	59	14	23	0	96	77	89	
28	83	37	62	61	44	60	21	24	109	92	72	113	45	31	123	94	82	11	108	94	107	88	37	86	109	97	55	92	107	101	11	69	63	65	77	24	30	85	87	21	91	107	22	66	52	96	0	104	43	
27	79	57	114	115	120	68	25	31	109	99	35	42	59	61	93	93	104	110	40	80	100	33	116	56	82	33	117	42	36	69	106	50	48	37	15	77	101	38	18	80	72	21	89	22	38	77	65	0	56	
95	122	100	51	52	87	53	64	61	82	119	117	95	87	41	77	89	55	40	97	75	111	42	57	48	46	93	71	70	68	6	103	113	93	101	86	37	21	69	58	78	14	77	34	42	23	95	75	77	0	

0	68	85	107	120	26	8	38	40	3	87	120	96	108	91	43	14	93	28	78	121	88	101	35	63	13	9	21	55	75	110	6	19	71	32	58	16	39	16	98	84	102	95	57	6	105	19	20	75	46	
17	0	87	105	111	31	12	47	47	17	79	112	93	98	81	35	23	85	43	90	121	76	93	27	77	18	15	35	53	74	97	12	7	67	42	53	13	28	25	106	87	99	103	42	19	119	12	10	66	39	
105	89	0	45	55	86	91	79	70	82	12	45	97	116	47	98	108	64	93	74	79	65	114	74	109	84	77	87	83	88	9	79	85	27	74	40	99	95	89	84	65	35	121	81	88	92	90	86	24	89	
118	105	100	0	59	46	73	90	111	49	99	63	106	48	75	99	44	46	119	110	30	99	18	64	114	111	93	57	50	103	99	47	35	109	56	65	112	79	93	76	46	93	88	85	116	121	94	74	122	21	
50	56	116	111	0	117	113	91	64	95	101	58	107	109	73	92	97	95	47	38	96	80	116	77	69	109	49	82	111	113	61	65	79	64	58	112	44	40	104	67	75	33	98	60	83	85	43	102	123	95	
11	61	95	62	20	0	119	78	64	104	118	50	102	114	60	80	109	100	40	37	93	82	99	94	77	109	62	84	107	108	50	78	95	70	57	110	36	32	87	56	74	30	98	43	69	91	50	119	104	76	
107	64	75	76	91	96	0	43	40	62	118	58	20	78	64	38	99	5	106	95	11	104	123	70	20	123	90	40	29	101	50	77	54	70	91	70	115	104	118	68	31	95	10	59	117	80	119	68	62	58	
6	70	20	52	13	123	111	0	121	64	77	100	103	73	78	95	16	113	38	120	107	64	25	99	100	88	28	122	110	103	70	40	72	78	50	79	92	93	101	44	115	35	102	98	17	103	84	83	61	62	
59	85	60	84	52	111	10	49	0	43	38	66	98	29	44	54	34	107	42	93	112	67	71	81	115	47	26	104	101	59	113	53	101	88	78	69	83	81	87	64	96	32	66	84	46	108	97	46	95	54	
8	69	81	109	92	64	61	33	95	0	80	48	32	110	115	99	76	17	122	42	116	43	65	17	48	81	105	42	62	49	98	45	75	103	40	77	38	97	65	78	12	106	68	32	87	110	13	73	81	103	
41	83	45	10	63	76	73	60	112	110	0	114	82	30	37	67	40	118	34	113	72	122	107	118	88	30	116	93	68	107	122	105	50	75	116	119	113	66	74	78	107	35	98	88	123	27	112	47	90	14	
44	26	110	120	109	85	120	95	117	86	108	0	52	102	111	82	92	91	118	85	78	85	31	28	75	84	51	77	50	101	49	114	70	53	87	34	102	50	104	49	48	95	107	116	30	116	61	119	39	117	
60	73	36	22	41	107	31	70	82	102	99	76	0	108	70	48	88	108	46	121	21	35	99	81	72	13	48	79	36	110	106	75	14	95	90	72	42	119	32	116	76	60	46	86	90	44	98	60	94	77	
23	84	115	73	56	93	65	56	112	78	73	47	14	0	77	35	89	96	50	121	21	25	100	72	70	17	44	83	40	114	93	87	11	104	93	65	43	121	22	104	85	71	37	94	93	55	106	51	81	77	
116	109	66	60	59	76	122	86	51	84	120	69	94	67	0	66	122	78	38	56	72	54	76	23	118	54	107	53	54	116	88	36	57	86	114	52	68	83	86	38	101	84	40	33	45	84	66	50	70	34	
63	120	96	61	27	121	52	11	120	88	94	105	112	110	83	0	92	98	98	112	120	54	107	77	36	42	99	122	53	64	108	111	62	82	79	94	66	27	110	96	115	70	113	104	96	57	110	70	113	62	
41	43	107	117	106	65	105	67	63	64	61	114	109	58	94	115	0	40	81	100	118	79	96	42	102	97	100	65	71	95	76	66	84	78	115	42	66	89	20	101	58	122	97	13	77	101	44	63	40	73	
99	106	26	35	37	85	37	74	94	83	115	112	85	107	119	81	75	0	41	31	91	18	60	73	47	102	34	47	19	38	33	33	25	91	42	61	108	16	83	98	121	105	32	67	17	77	98	110	38	42	
97	116	88	71	94	100	111	118	83	42	71	97	56	108	52	42	118	85	0	69	111	86	82	91	39	20	107	66	77	92	73	88	80	84	68	51	48	82	4	112	45	53	74	120	97	88	83	39	86	121	
12	69	90	73	96	78	47	17	113	79	10	115	115	37	102	63	31	51	50	0	110	37	94	72	27	44	108	39	40	93	52	84	72	47	66	28	42	101	47	88	25	20	49	75	111	123	99	63	72	110	
40	92	87	49	21	116	13	37	95	84	10	120	120	88	87	115	73	71	101	118	0	86	79	71	122	75	33	100	92	68	93	90	64	106	105	110	91	38	113	97	112	123	95	61	46	20	81	85	123	67	
92	78	118	93	52	71	49	32	117	107	33	102	113	60	30	74	105	91	111	122	82	0	40	27	112	109	67	105	70	71	20	44	48	82	53	102	96	83	39	17	111	59	107	71	107	92	29	36	119	92	
54	117	45	63	52	105	48	7	115	93	93	87	46	119	123	67	39	22	23	87	34	67	0	70	47	50	34	119	35	46	69	51	57	59	97	75	94	112	67	74	104	97	89	7	54	108	40	44	97	112	
57	105	29	29	86	101	89	90	109	109	62	102	84	106	103	120	71	41	39	90	101	106	76	0	102	75	91	112	106	60	62	26	23	81	36	117	61	93	93	26	68	108	106	78	76	73	46	82	110	65	
32	46	66	83	58	110	100	71	87	65	20	105	55	123	122	112	58	47	84	68	69	84	118	74	0	24	90	114	43	110	90	88	95	17	50	72	36	75	45	66	36	64	114	106	54	103	109	9	52	116	
83	37	106	71	77	50	99	91	62	31	55	74	28	119	80	49	61	69	99	123	81	74	39	37	118	0	89	115	108	57	54	106	82	112	113	69	121	113	78	71	107	104	71	26	75	108	40	110	116	63	
71	11	84	106	119	65	95	74	58	44	58	60	62	118	55	116	61	31	53	100	111	108	112	80	32	42	0	105	74	91	67	95	107	107	79	32	86	91	42	38	97	122	46	60	92	108	63	112	86	96	
2	68	93	49	63	72	107	116	61	46	92	23	57	119	46	85	49	28	27	63	87	46	63	59	101	112	102	0	103	37	66	12	74	53	45	90	41	22	63	118	81	119	102	72	65	17	79	115	45	104	
54	50	119	116	83	99	38	67	108	104	118	39	38	96	56	28	68	55	22	60	60	107	116	57	118	108	72	91	0	63	108	101	92	57	75	91	52	84	54	32	111	120	61	66	94	101	39	73	71	50	
42	61	35	62	75	90	101	122	42	80	26	118	94	107	116	104	123	121	110	123	97	18	37	92	43	37	99	82	82	0	41	115	52	81	100	23	34	49	33	107	109	40	123	86	33	91	49	17	103	120	
51	43	81	121	74	53	94	91	111	90	50	72	70	106	111	50	120	123	89	42	101	40	39	73	49	57	102	14	110	111	0	16	86	113	91	100	122	99	96	50	20	116	43	51	88	59	81	114	36	31	
38	86	69	68	79	100	48	38	92	102	23	123	122	66	100	115	76	105	116	78	121	47	39	79	48	50	72	45	67	74	40	0	62	98	97	118	103	109	114	69	40	86	18	79	77	71	113	84	40	51	
121	106	80	119	99	94	109	79	79	115	69	52	98	62	106	110	109	107	78	24	111	115	103	100	4	23	88	71	112	100	96	85	0	122	81	67	59	46	57	92	70	107	82	65	9	111	32	21	114	121	
54	93	88	72	15	118	121	102	66	58	122	88	59	110	81	35	84	94	67	60	69	47	26	48	103	119	36	110	46	68	60	56	32	0	78	51	46	62	42	83	65	87	67	87	34	90	61	21	107	115	
27	81	21	55	87	72	106	97	113	120	113	82	122	102	115	55	69	95	87	79	69	24	50	94	100	116	46	72	84	32	33	29	40	101	0	112	92	80	89	98	89	107	72	80	118	92	94	104	54	119	
92	103	17	31	33	99	122	99	97	70	51	72	78	58	62	85	56	91	52	45	121	117	110	46	59	77	23	117	59	5	42	27	80	50	94	0	47	15	93	39	22	71	41	68	48	100	15	13	94	102	
20	85	122	78	102	96	122	109	64	54	118	28	70	40	81	30	110	118	115	66	76	86	57	106	17	18	73	35	121	73	78	69	52	108	90	79	0	67	100	45	95	33	83	28	87	74	73	80	98	96	
15	64	88	109	69	92	92	88	75	100	93	87	44	66	71	44	86	66	94	56	86	71	79	77	116	108	76	76	50	66	36	31	48	90	102	98	90	0	13	52	61	106	28	115	44	54	41	122	94	49	
109	73	40	17	63	101	27	46	117	102	42	114	104	30	68	105	67	96	59	122	56	51	66	55	80	75	110	53	102	78	93	101	109	69	54	76	63	119	0	78	106	82	121	50	93	85	92	38	64	111	
3	68	69	40	50	72	111	112	15	41	76	88	92	25	55	83	91	68	72	84	71	54	21	58	112	102	17	111	93	99	98	83	28	101	121	22	51	113	123	0	18	116	79	90	102	112	38	111	91	107	
27	81	21	50	72	57	92	79	55	21	79	43	63	65	28	55	63	46	9	64	95	19	42	36	107	84	57	80	123	113	118	103	75	75	15	117	116	89	98	96	0	90	114	106	25	65	86	75	108	113	
78	12	83	113	119	75	54	12	121	86	71	71	82	89	36	52	68	43	63	63	73	52	71	77	72	70	83	36	107	60	63	57	33	92	78	120	119	84	75	38	45	0	80	108	57	24	85	31	80	95	
2	67	24	38	82	70	99	111	77	78	64	55	98	41	105	109	39	38	10	62	78	23	41	56	70	88	67	117	106	101	118	123	77	86	20	118	72	15	22	83	68	42	0	68	90	20	83	31	104	61	
107	71	42	24	40	115	94	70	86	62	41	92	120	81	69	93	29	61	54	26	102	120	93	47	110	97	96	86	24	44	81	83	39	100	28	114	121	116	106	113	102	71	26	0	106	15	87	6	94	62	
89	25	91	86	89	104	37	45	87	110	41	123	73	99	32	90	44	71	90	35	106	71	59	66	41	44	98	94	30	66	81	67	71	71	114	5	46	68	67	112	115	123	123	84	0	74	72	79	77	98	
26	69	46	26	61	97	35	42	87	122	90	104	101	25	88	36	119	100	79	57	81	58	20	77	57	55	107	89	71	40	28	35	82	94	37	86	40	61	72	51	53	101	93	27	106	0	100	35	63	53	
90	103	118	97	109	43	105	65	94	82	109	55	94	87	119	113	90	59	88	23	101	60	21	52	86	73	72	77	65	100	95	102	75	52	69	115	90	38	32	106	117	115	108	44	68	100	0	71	61	118	
46	59	106	112	105	122	88	91	106	101	46	78	59	51	40	54	84	98	119	87	121	98	105	65	78	65	121	47	85	58	83	83	67	77	88	63	57	33	42	116	116	95	28	73	47	68	39	0	40	91	
6	71	44	85	56	93	41	20	117	78	42	102	54	85	15	55	66	69	36	78	120	98	80	31	122	104	101	9	101	88	117	105	96	91	30	98	79	107	107	81	86	16	72	15	98	90	97	30	0	68	
87	36	96	55	37	101	49	27	111	114	109	53	2	108	116	85	43	79	50	22	115	70	95	75	44	31	87	58	70	52	71	77	101	71	14	111	103	42	39	70	82	40	101	69	118	98	43	72	38	0	

0	78	56	78	63	1	37	52	106	5	107	20	23	14	20	31	18	59	26	29	46	60	60	48	22	90	95	15	56	13	1	55	11	99	52	73	99	89	44	2	93	27	21	35	40	84	65	101	19	10	
6	0	58	78	64	6	39	50	109	5	105	22	23	9	17	29	16	54	21	33	49	57	61	43	17	89	95	15	58	14	6	51	10	100	55	71	96	90	39	6	92	22	17	34	40	82	66	104	20	13	
104	53	0	63	24	50	62	38	71	49	80	53	45	59	54	34	42	53	46	28	100	23	112	18	38	82	89	52	95	42	51	71	46	119	78	83	68	44	36	50	70	52	45	27	29	117	56	53	52	56	
97	24	48	0	45	48	54	18	68	80	65	70	33	99	48	46	59	25	40	23	93	57	71	60	66	90	118	8	73	42	65	26	45	89	38	84	80	52	58	12	44	63	15	52	75	86	18	23	71	23	
35	48	75	30	0	46	48	16	40	67	83	56	24	89	44	26	33	41	17	28	98	55	91	34	60	103	116	36	99	19	93	7	51	90	37	66	108	66	58	38	17	52	18	37	93	82	46	29	86	46	
2	77	77	54	67	0	32	55	34	19	31	106	89	88	41	91	89	78	70	40	102	19	82	96	32	88	51	53	57	81	55	64	79	109	76	79	101	65	98	85	60	50	55	82	39	96	58	86	71	71	
54	110	72	109	120	92	0	101	71	98	79	92	5	102	89	121	37	32	65	91	102	85	76	9	73	9	62	64	50	61	120	46	77	45	24	108	99	78	52	72	82	115	105	37	87	90	84	56	49	65	
20	85	112	50	49	44	73	0	87	103	9	82	70	43	102	118	105	48	91	67	62	40	38	78	18	71	48	16	64	66	107	69	64	50	72	46	60	64	22	27	15	112	41	87	18	25	25	88	114	121	
56	49	34	41	5	49	33	78	0	67	73	52	111	43	118	90	123	43	92	47	117	61	66	98	77	43	84	84	38	107	101	49	66	119	82	92	60	89	70	58	83	71	54	85	62	66	95	76	37	110	
33	96	92	107	108	75	96	28	71	0	61	45	96	109	104	119	117	108	78	86	95	120	60	61	119	102	74	59	105	111	52	48	67	103	29	70	82	96	12	50	17	112	28	113	21	70	116	32	36	46	
86	50	75	94	51	24	26	95	114	80	0	78	109	37	33	83	38	84	59	70	90	82	87	119	98	53	22	62	122	47	114	100	63	67	64	82	32	122	80	100	72	102	71	101	92	99	51	67	78	87	
43	45	42	69	110	69	89	83	96	32	31	0	117	35	39	72	21	57	70	56	114	63	93	114	96	67	48	76	106	42	91	78	49	90	88	93	48	92	81	76	56	111	90	120	73	80	78	53	69	95	
57	85	34	87	55	98	88	116	62	39	52	94	0	122	61	25	102	119	72	46	33	52	121	36	57	113	89	101	60	123	77	35	123	113	76	88	54	21	27	94	77	99	65	122	49	116	91	115	115	107	
8	80	92	78	76	39	11	94	18	58	78	11	121	0	101	111	102	25	99	123	106	105	102	122	122	75	79	73	111	120	105	106	25	92	113	109	86	116	115	49	123	123	75	122	103	99	48	92	8	59	
83	60	59	74	39	43	27	111	99	33	70	62	66	75	0	49	103	77	50	68	111	41	83	74	90	116	33	33	40	60	106	59	58	34	41	60	23	71	80	55	49	67	62	121	80	95	72	52	77	90	
13	78	57	42	67	71	62	107	107	67	66	122	74	49	63	0	55	37	110	75	89	49	109	37	44	71	47	53	31	48	99	37	68	52	89	121	48	51	19	71	89	82	18	121	23	106	109	67	69	48	
83	38	37	93	90	80	81	100	103	40	33	90	40	123	79	85	0	109	99	102	29	96	59	119	42	56	40	81	112	45	103	114	30	108	88	76	83	82	93	29	96	62	81	123	69	44	30	83	70	118	
67	123	116	111	122	116	108	28	101	55	68	65	93	89	117	88	48	0	89	121	30	108	42	112	78	73	71	110	88	58	60	86	57	89	91	72	114	97	116	42	97	49	95	93	26	68	20	118	78	77	
44	80	48	83	104	117	123	68	48	81	51	73	56	96	71	37	41	113	0	85	90	29	121	36	64	67	91	53	120	57	86	71	98	37	83	59	96	74	62	100	60	121	101	37	96	94	117	88	122	41	
109	48	90	113	116	74	81	37	116	107	107	50	68	63	88	69	64	80	80	0	76	68	109	67	93	44	86	58	73	68	112	74	46	109	19	22	55	79	26	58	43	43	30	69	76	15	91	60	71	47	
47	69	35	31	38	38	43	115	53	93	49	81	113	54	110	119	70	113	49	100	0	86	44	68	47	68	89	81	46	93	63	40	93	104	114	90	104	86	111	96	80	109	113	107	75	102	31	63	64	66	
116	76	22	78	56	30	10	102	45	50	16	91	28	123	41	13	62	66	38	103	62	0	61	90	75	122	90	59	104	33	88	94	105	68	82	41	83	84	62	101	27	107	82	52	57	94	38	113	95	80	
71	121	119	62	59	18	37	112	30	85	42	111	80	114	67	39	41	100	83	52	95	113	0	51	64	59	86	96	119	97	27	76	111	68	99	121	40	66	96	50	119	56	82	118	108	27	107	45	59	86	
26	67	103	113	108	82	74	66	54	62	118	97	122	71	39	59	104	66	114	117	65	108	99	0	103	96	25	39	96	15	110	34	43	59	66	52	83	44	65	116	70	57	18	36	98	78	20	93	90	26	
120	105	67	67	23	47	18	99	76	72	88	64	85	70	104	93	115	11	96	29	102	87	83	45	0	52	58	54	90	43	105	64	17	90	97	78	41	42	71	93	78	64	49	35	118	44	62	95	76	60	
43	68	54	64	91	118	109	33	91	123	119	107	84	61	81	96	65	93	6	89	39	93	70	66	116	0	92	89	97	83	103	92	120	29	90	100	86	111	99	122	100	73	123	104	114	110	90	104	50	94	
29	85	58	53	86	55	58	122	57	55	104	37	106	46	115	73	80	103	36	95	39	103	43	52	56	63	0	99	86	43	116	36	123	67	116	38	41	103	66	103	77	27	63	113	102	62	60	77	30	37	
109	91	81	68	54	81	51	71	38	76	107	40	96	112	30	28	42	68	47	117	121	112	68	62	104	115	95	0	122	122	23	68	34	62	51	103	96	44	36	34	106	114	97	65	75	54	123	20	67	103	
67	90	112	121	86	116	110	66	122	110	117	58	114	16	89	59	85	43	57	87	101	58	85	68	63	69	90	53	0	117	46	18	46	15	80	51	103	57	79	53	105	71	63	18	40	66	123	68	99	62	
86	30	81	36	76	117	96	95	48	101	72	38	107	106	65	70	23	113	39	99	32	82	117	82	79	40	111	51	92	0	101	99	51	92	20	115	104	46	45	43	76	114	93	99	117	61	56	81	66	41	
96	21	71	69	27	31	51	98	112	106	75	82	80	50	112	108	117	51	58	68	56	71	106	64	83	87	65	94	80	77	0	56	39	52	70	53	43	71	62	65	111	68	47	68	43	104	101	88	64	92	
74	92	42	72	110	123	96	56	49	86	62	55	110	118	29	35	52	118	83	106	95	94	58	22	108	85	43	60	81	73	117	0	113	78	117	104	80	89	94	122	12	65	77	80	108	85	109	107	66	38	
104	68	24	57	16	32	18	86	28	58	46	111	21	104	101	112	66	116	103	95	49	76	53	101	109	105	25	104	50	72	69	61	0	43	58	108	82	61	99	109	58	27	97	40	75	87	59	115	99	53	
10	78	32	93	100	109	80	100	80	51	49	48	77	63	83	88	45	102	121	69	38	94	118	68	101	105	15	108	71	84	104	74	80	0	49	50	90	75	86	33	35	83	50	66	120	43	42	38	31	76	
41	87	114	56	73	44	28	100	32	52	39	93	106	19	88	104	81	107	90	53	84	18	68	38	122	76	38	73	55	67	119	80	92	109	0	68	122	105	61	115	106	56	80	59	111	122	120	87	122	97	
51	71	110	75	37	62	67	100	120	115	96	79	41	116	24	57	73	118	121	86	79	97	90	112	98	78	74	33	123	73	29	38	118	92	89	0	86	54	83	32	29	86	13	114	45	111	53	33	109	27	
89	30	68	91	103	76	58	84	96	96	84	112	33	120	80	101	54	112	78	21	85	122	77	33	84	41	97	21	104	20	101	113	92	88	118	105	0	60	123	77	89	86	108	97	96	122	109	121	76	113	
104	100	75	112	117	98	118	71	48	38	93	44	103	43	106	102	109	18	104	119	109	81	49	92	120	88	60	79	106	31	89	114	55	30	65	19	75	0	83	87	97	60	78	37	88	75	47	72	108	40	
48	94	66	113	93	110	82	75	29	56	94	102	80	52	111	114	117	31	79	99	33	113	54	29	111	88	90	53	122	110	104	118	60	45	23	64	29	59	0	53	40	6	72	77	93	85	52	116	113	42	
4	80	67	42	27	50	34	117	58	50	27	94	97	65	65	105	101	96	50	115	67	64	55	20	84	81	27	75	51	110	85	30	90	118	90	101	36	44	76	0	93	77	35	67	61	86	48	120	96	90	
25	91	101	78	50	49	59	117	113	109	91	101	55	114	57	62	86	106	99	80	119	120	107	62	77	84	20	91	50	87	79	119	74	75	96	111	34	31	87	86	0	101	98	121	36	111	71	96	60	23	
42	114	61	101	117	123	119	94	108	64	43	108	27	123	24	42	18	113	70	60	24	65	15	42	111	86	78	57	79	59	67	15	120	109	77	10	81	93	58	63	71	0	99	107	99	68	80	97	78	84	
71	82	51	23	27	32	1	101	16	75	38	42	105	87	23	59	109	39	122	119	98	119	63	71	81	97	25	117	14	123	97	123	36	27	29	69	95	94	23	65	31	114	0	123	84	123	97	38	120	93	
24	94	99	47	42	69	92	96	96	99	90	111	97	104	22	30	60	53	45	116	69	36	54	100	7	56	84	78	107	79	52	30	94	59	68	86	69	34	100	78	81	32	69	0	72	89	96	87	78	31	
12	71	21	44	54	44	47	120	101	118	110	110	14	121	101	73	32	79	27	104	83	77	123	88	102	60	59	64	66	60	72	62	52	35	50	38	88	88	6	50	82	40	90	88	0	79	35	122	75	94	
88	39	29	82	105	62	54	78	112	115	108	67	59	98	100	96	115	56	95	74	60	55	51	92	110	61	93	19	114	45	91	64	81	117	100	120	53	12	78	100	55	68	72	70	105	0	87	67	85	24	
78	71	24	52	61	29	53	79	99	92	100	27	103	112	33	62	59	110	66	23	82	74	33	67	38	36	67	109	64	83	23	69	118	108	69	43	44	89	67	111	20	85	65	112	57	73	0	40	42	67	
16	82	31	74	56	26	37	91	28	52	62	33	90	42	81	86	45	102	69	101	89	82	102	54	54	64	37	66	71	93	85	115	13	45	70	81	39	47	105	107	29	104	88	107	109	100	14	0	43	74	
34	79	119	72	98	108	109	57	92	52	94	70	111	33	98	107	94	61	65	31	49	42	96	71	85	99	102	38	91	53	84	52	65	51	26	74	117	100	116	71	58	104	22	122	86	92	81	50	0	61	
104	101	49	51	17	40	62	59	66	54	109	33	109	50	60	100	50	73	76	96	69	70	88	98	100	60	95	109	114	83	122	122	121	114	108	71	16	47	53	5	89	104	56	72	19	91	26	38	18	0	

0	54	50	123	1	101	44	82	99	89	27	22	49	95	48	52	85	50	17	41	16	40	13	8	83	104	39	21	24	45	62	76	18	31	118	19	9	38	100	27	46	46	48	94	17	95	23	101	64	82	
18	0	58	118	18	90	32	69	111	84	42	25	46	100	58	61	90	55	23	26	10	23	8	21	88	107	36	28	33	38	61	64	13	30	102	10	20	22	103	43	51	48	58	79	7	98	8	95	63	94	
45	30	0	120	17	113	40	87	88	86	24	27	30	93	62	37	105	63	34	51	21	19	25	19	110	92	41	32	39	64	72	37	25	9	109	37	25	26	75	54	79	31	54	54	31	114	23	123	64	93	
48	85	87	0	98	43	62	90	7	120	109	69	66	51	92	105	37	63	104	104	84	99	63	94	66	80	71	82	66	96	110	51	94	89	66	102	66	108	76	122	88	85	47	46	88	87	73	85	111	40	
116	106	53	110	0	121	70	115	114	38	113	70	86	93	47	102	75	92	118	75	30	108	96	42	96	102	55	76	91	29	101	92	61	47	50	20	78	102	109	86	90	81	119	112	73	52	48	76	69	112	
113	60	77	77	80	0	47	44	49	101	105	82	111	107	105	58	52	110	63	30	88	31	89	46	47	49	30	69	17	90	24	24	111	98	48	61	40	119	96	110	29	61	98	100	23	50	122	60	20	88	
98	70	19	116	51	75	0	59	102	58	94	61	108	74	43	38	64	108	88	90	74	51	77	32	49	82	75	61	72	76	82	68	101	122	94	76	89	60	30	58	49	79	48	49	72	110	61	112	71	22	
112	99	60	67	69	62	93	0	50	106	88	38	99	108	99	105	118	22	113	47	64	62	115	91	101	32	107	45	118	118	53	114	116	120	34	114	32	102	121	108	74	63	79	117	50	91	68	113	123	74	
78	30	49	101	70	109	93	69	0	107	119	59	34	85	41	98	81	54	104	63	76	113	112	111	53	97	101	79	88	63	72	81	91	72	73	92	98	36	87	80	68	63	52	57	99	58	107	86	101	36	
64	17	54	84	100	65	21	49	63	0	75	51	56	71	24	52	63	14	108	20	42	64	53	98	101	99	41	56	45	113	49	49	123	111	120	117	111	67	60	20	100	91	86	103	119	35	71	121	51	62	
88	87	46	120	78	78	46	65	66	80	0	64	59	116	95	104	90	86	99	98	59	26	39	40	92	47	91	53	63	73	57	57	84	113	117	120	82	48	99	70	108	65	59	91	69	60	68	87	53	89	
1	54	110	30	80	122	122	66	59	91	36	0	45	91	114	122	99	74	95	119	91	15	48	38	97	64	99	38	80	93	65	33	81	117	90	87	55	52	122	47	80	40	51	84	77	90	98	118	49	92	
8	47	77	58	115	31	25	52	90	118	86	72	0	89	99	66	120	30	34	87	67	69	61	98	48	75	112	71	67	80	43	51	115	97	115	35	31	98	63	66	34	95	117	21	10	48	72	76	69	25	
111	118	66	66	105	91	107	104	96	100	100	38	65	0	105	53	116	80	58	84	68	52	79	121	66	67	63	53	97	121	42	102	60	100	87	76	55	45	111	29	74	65	78	80	57	78	82	77	27	70	
84	48	11	115	76	68	33	82	114	119	57	99	94	48	0	46	75	57	47	107	36	96	88	91	46	102	69	93	108	100	7	70	48	121	87	85	70	25	65	74	74	72	37	67	86	54	51	119	70	113	
53	48	31	96	90	37	39	59	72	63	40	90	100	96	25	0	69	35	46	112	28	93	89	87	26	119	80	70	92	116	24	54	24	106	63	98	75	18	58	65	52	84	29	84	105	50	53	95	85	90	
94	115	91	109	39	95	91	49	14	117	64	21	60	83	81	40	0	14	31	99	19	63	111	86	45	120	64	79	119	121	28	71	58	81	77	103	44	31	68	26	17	117	41	88	118	32	46	78	93	67	
71	91	90	32	68	120	91	119	74	96	112	52	62	85	97	117	77	0	73	96	80	70	38	97	79	108	119	19	62	69	87	101	107	10	100	27	114	60	103	72	83	118	45	32	79	89	44	64	107	120	
84	76	43	98	15	123	89	123	98	64	20	58	21	92	115	115	95	88	0	44	87	64	86	16	32	28	107	97	94	90	101	120	87	96	58	76	55	84	57	110	28	54	52	118	100	45	60	41	64	85	
73	67	95	76	86	91	85	37	80	30	76	65	81	54	116	96	40	37	97	0	28	73	113	110	83	96	20	74	81	66	11	36	81	106	117	42	74	90	115	50	118	51	52	24	55	59	78	114	92	63	
6	50	77	57	119	110	103	65	40	101	112	75	40	84	62	48	114	103	88	68	0	108	90	89	84	39	84	107	54	16	75	44	80	80	111	60	55	28	77	37	55	68	81	64	93	104	81	67	99	18	
77	27	32	102	104	22	28	43	79	82	62	75	79	21	116	96	56	57	122	99	79	0	38	34	45	80	68	88	111	79	16	49	29	28	96	47	112	92	108	97	118	45	82	22	27	92	45	116	50	87	
87	65	96	110	115	105	89	99	109	9	73	122	92	41	88	62	68	58	91	67	71	53	0	20	88	75	118	113	93	35	48	26	37	71	97	69	114	56	99	111	86	86	37	66	52	82	54	123	28	96	
114	123	95	47	109	20	41	58	20	119	74	68	32	85	111	83	68	80	105	118	107	31	11	0	93	83	109	112	86	33	49	17	37	61	89	65	105	48	94	102	83	88	44	61	58	86	50	120	19	99	
7	55	51	118	62	118	94	44	70	113	117	86	86	62	98	116	72	82	56	42	31	91	97	78	0	70	33	36	42	60	46	63	99	59	120	51	120	112	41	48	95	48	83	71	40	78	50	73	91	53	
68	118	90	44	118	87	94	116	109	93	21	70	28	77	86	104	88	81	101	75	70	54	42	32	112	0	97	110	84	61	113	122	21	86	30	101	49	44	109	80	67	65	119	117	118	86	74	122	115	115	
25	31	59	113	84	74	59	115	108	37	108	121	101	66	84	41	95	107	44	44	57	60	37	18	78	117	0	117	39	86	19	96	98	79	97	61	71	84	75	78	57	74	112	67	112	120	79	56	26	65	
6	52	82	85	26	113	73	122	109	87	98	114	114	33	77	50	45	32	64	60	57	60	37	19	102	64	58	0	66	65	60	115	60	30	65	17	78	95	83	89	38	84	116	111	67	105	37	81	55	19	
12	63	75	110	114	8	53	28	37	73	121	75	67	93	65	103	72	64	94	94	88	63	48	60	67	10	90	98	0	88	62	113	116	71	50	85	72	95	96	94	62	94	103	20	116	25	121	45	93	94	
102	72	62	109	61	75	80	49	64	70	58	100	97	99	52	25	50	37	44	15	21	96	108	108	77	110	119	49	21	0	77	100	109	76	56	88	70	100	86	84	49	110	91	4	98	23	120	59	89	110	
110	113	59	67	44	85	92	116	73	120	119	96	118	48	107	116	53	48	117	120	105	25	34	23	84	82	120	69	8	87	0	88	34	82	97	13	68	35	119	32	118	98	85	86	88	105	83	122	19	47	
85	50	102	83	90	51	6	63	82	110	65	38	58	103	45	76	62	58	59	55	52	74	105	86	43	70	76	100	52	120	98	0	117	60	69	107	73	119	78	109	110	75	109	43	59	120	18	80	98	56	
120	117	70	89	114	102	70	26	65	50	44	36	75	85	24	65	88	85	123	116	122	50	52	45	96	118	118	80	27	111	36	111	0	95	60	10	122	47	122	123	49	70	64	118	85	109	113	121	87	120	
80	91	70	52	65	99	70	108	109	80	102	59	23	90	121	88	43	44	93	103	93	60	48	32	68	9	93	41	82	24	95	15	115	0	86	112	44	123	41	90	108	108	103	115	112	90	32	11	51	8	
39	39	54	90	51	111	121	98	107	62	62	51	62	103	51	11	72	63	27	44	44	98	123	104	94	25	88	93	42	50	59	86	79	31	0	122	41	100	21	119	88	109	96	109	98	90	10	36	76	28	
46	22	70	109	69	84	48	56	98	69	48	98	85	91	46	35	51	50	105	114	122	19	46	37	113	92	74	44	91	115	111	29	93	15	89	0	102	12	92	82	59	48	9	64	62	77	82	54	118	92	
4	53	70	67	96	72	64	107	101	84	117	114	100	102	111	96	99	99	30	43	55	90	96	99	117	105	25	105	82	23	91	109	52	52	91	111	0	108	114	48	116	105	104	84	121	66	43	82	78	44	
90	77	55	69	70	64	53	48	29	97	47	34	48	65	110	110	51	53	116	99	117	72	64	73	61	54	85	36	81	15	84	28	110	65	77	60	59	0	104	97	103	84	85	61	107	74	80	55	35	81	
108	101	62	74	64	59	54	62	61	96	88	113	107	52	110	110	71	58	30	58	76	61	53	56	80	104	94	88	43	47	104	122	70	95	35	95	12	118	0	83	111	97	106	79	98	61	73	104	99	123	
64	67	102	116	63	83	119	89	115	10	70	99	106	52	91	115	120	121	111	119	94	123	117	104	123	97	41	95	33	91	109	36	89	104	101	52	108	48	116	0	78	33	78	81	30	73	86	76	37	67	
110	93	81	117	113	98	57	71	31	95	28	65	60	80	39	19	77	67	105	116	94	112	123	118	30	43	84	62	90	111	82	76	98	68	110	115	37	123	114	62	0	60	46	46	72	48	36	84	36	115	
21	68	102	51	80	65	98	50	64	55	44	66	37	121	76	108	98	98	77	113	105	23	43	55	105	37	71	54	64	70	82	83	111	73	17	112	19	112	88	108	38	0	24	12	35	50	28	97	16	115	
79	76	33	92	14	120	74	115	89	119	75	29	43	88	123	108	53	57	93	77	55	79	63	80	82	108	52	94	121	35	56	58	68	103	99	34	91	33	97	45	47	59	0	56	77	24	35	74	67	101	
9	59	41	82	33	119	104	83	57	119	115	93	74	27	92	119	64	76	60	89	74	94	94	112	95	61	71	96	59	93	63	106	104	27	76	93	27	113	93	94	66	74	60	0	111	73	40	96	76	63	
93	116	88	83	86	75	48	33	66	98	107	75	57	102	31	64	28	20	79	73	69	49	18	24	97	29	93	87	97	40	61	122	48	112	57	84	92	98	97	79	27	55	37	56	0	94	68	119	103	82	
15	57	93	30	90	117	97	123	100	107	55	66	40	55	70	101	36	44	66	71	81	66	67	62	69	48	77	70	12	92	81	75	115	54	93	37	73	107	16	86	70	118	107	80	72	0	73	98	99	73	
43	44	77	78	48	95	90	88	108	62	76	99	122	97	102	89	52	64	41	33	30	110	99	93	90	72	66	91	32	64	38	98	109	45	67	59	70	73	115	115	55	27	9	51	107	88	0	80	53	109	
85	102	74	83	94	109	92	95	79	68	103	80	108	78	42	62	39	49	66	37	45	123	97	92	82	103	74	66	3	88	108	24	106	19	96	47	68	98	94	15	87	67	86	117	63	114	80	0	60	37	
30	37	34	95	42	111	91	83	76	79	123	90	47	54	106	106	44	40	105	96	112	46	18	25	76	99	83	63	81	34	56	64	75	82	70	88	62	72	63	28	85	69	52	34	107	46	40	60	0	65	
56	52	101	89	119	99	98	50	12	111	70	28	41	53	78	35	67	71	120	78	82	46	63	58	52	87	64	75	66	30	76	101	41	76	24	105	84	65	56	37	108	90	97	90	68	84	98	90	120	0	

0	104	103	49	69	119	19	75	112	63	28	58	2	68	60	32	44	81	23	47	20	81	101	30	64	55	37	98	36	63	89	47	86	111	16	31	106	34	25	14	96	95	72	17	40	51	49	83	8	114	
50	0	110	74	107	88	56	67	97	108	61	12	49	97	23	45	76	47	30	20	38	84	61	38	33	93	72	82	83	69	100	8	47	112	41	57	88	23	64	51	84	109	56	46	16	4	22	102	56	112	
58	51	0	59	57	109	67	93	57	60	88	59	17	48	39	63	65	40	43	49	36	83	68	21	23	44	60	84	67	115	55	44	31	62	90	28	69	45	111	68	68	118	74	22	49	48	39	60	96	86	
104	100	123	0	120	119	58	101	112	92	73	115	123	109	117	113	88	116	97	93	97	87	67	105	105	91	103	48	72	49	80	80	121	120	49	96	92	96	99	62	79	72	121	102	115	90	108	109	90	85	
81	28	83	86	0	94	65	76	95	22	77	107	84	73	85	64	58	111	82	24	112	52	39	113	56	19	122	85	60	76	49	49	106	54	57	19	33	111	83	38	16	22	80	79	70	73	82	55	54	28	
53	70	61	13	123	0	108	103	50	113	87	51	68	115	58	69	103	35	64	103	94	87	109	68	111	121	119	54	64	112	121	85	59	104	111	110	103	64	70	112	122	107	80	119	71	67	102	87	103	114	
26	84	90	105	64	36	0	118	50	78	96	19	35	95	39	67	76	27	42	75	91	83	75	72	105	99	122	40	62	104	96	102	36	81	83	99	110	57	60	97	97	84	70	119	101	85	80	69	107	92	
27	83	110	59	76	112	63	0	91	48	110	56	65	55	50	110	100	45	93	123	105	89	74	112	113	115	93	63	101	122	102	54	65	76	59	83	98	114	61	44	122	24	16	96	60	25	107	76	65	58	
13	104	121	96	118	119	104	113	0	101	42	76	72	111	67	115	45	94	108	100	17	41	104	59	34	122	123	106	40	54	67	77	64	103	83	72	50	56	115	111	13	90	119	110	78	97	25	61	108	106	
42	107	76	70	59	43	93	103	31	0	62	85	72	94	77	107	18	109	102	107	30	16	102	40	55	123	122	91	10	29	90	74	45	113	84	95	74	40	87	89	41	85	107	80	72	94	37	58	85	118	
105	122	79	86	96	53	122	110	42	123	0	111	120	80	54	118	111	72	27	111	95	119	110	100	109	7	72	37	121	113	71	75	113	31	103	65	115	122	84	41	108	70	103	53	122	78	94	121	67	62	
83	110	51	78	98	36	101	55	115	41	65	0	99	88	16	118	56	68	87	92	111	94	75	65	59	59	43	29	123	57	26	118	103	64	111	71	119	70	64	87	78	115	44	22	81	123	39	68	80	59	
10	106	61	58	79	97	112	64	30	88	76	65	0	40	72	100	38	60	109	72	59	96	94	5	120	46	89	78	118	93	79	120	49	40	97	59	118	31	117	90	63	103	63	78	35	101	27	12	109	36	
87	97	51	20	118	29	111	9	87	95	89	86	16	0	74	110	23	51	115	62	48	110	85	19	107	53	101	87	111	84	73	123	43	48	103	54	119	42	119	89	56	109	57	72	44	112	38	13	97	38	
62	60	92	83	88	69	75	108	121	97	120	22	94	65	0	111	82	48	63	105	47	59	95	57	114	75	48	71	80	60	101	118	76	19	44	58	59	76	76	120	41	71	87	115	87	79	77	67	73	62	
96	97	53	54	110	122	44	103	25	113	93	43	118	120	61	0	88	41	109	73	85	63	81	90	104	109	62	116	122	88	116	60	46	58	59	12	30	96	76	87	87	57	67	61	119	95	96	59	57	88	
92	52	72	35	87	64	81	73	31	80	47	92	82	51	62	85	0	75	61	74	93	101	70	33	97	34	98	88	44	81	82	77	100	106	122	83	58	36	71	58	70	89	33	117	63	22	90	37	56	79	
118	77	118	116	8	92	37	116	81	36	48	115	97	110	65	75	117	0	78	97	87	101	94	87	37	103	66	64	95	74	121	114	121	46	65	77	74	110	120	97	91	56	102	61	123	120	95	118	80	82	
11	95	112	76	109	32	107	45	95	48	41	112	107	94	45	113	47	47	0	60	79	87	115	86	19	93	108	66	51	49	84	114	81	35	57	109	105	70	79	113	123	88	85	60	88	77	51	122	114	76	
123	67	83	58	108	87	71	73	90	92	33	82	110	112	101	25	99	52	123	0	120	83	53	72	116	71	106	73	110	108	70	45	68	115	107	65	92	110	87	101	76	40	83	117	87	86	79	89	50	110	
110	11	107	123	35	66	68	114	71	120	74	55	98	71	47	78	113	50	64	7	0	77	57	75	119	68	100	69	114	113	75	47	64	109	104	66	97	109	89	100	75	36	83	113	83	90	82	86	55	110	
76	112	75	92	112	94	78	43	113	50	45	73	102	82	54	99	53	69	93	89	65	0	51	68	88	44	42	103	68	99	83	35	6	73	99	13	93	62	84	94	55	55	48	84	34	28	30	49	60	113	
69	70	94	46	87	48	76	73	62	104	100	120	73	67	41	108	113	45	100	63	59	32	0	79	96	15	22	79	46	114	100	18	29	72	94	36	79	76	54	66	82	77	35	97	43	12	49	60	83	119	
118	90	53	69	97	103	82	70	76	27	75	122	51	19	56	58	71	15	77	21	110	41	67	0	92	54	49	113	89	77	64	68	79	23	48	48	104	55	35	65	49	108	81	102	107	61	82	108	54	98	
33	92	100	82	60	38	89	68	50	55	103	117	73	108	52	112	89	102	77	103	59	28	42	61	0	50	41	102	55	90	46	119	53	46	92	53	72	39	53	52	55	113	56	91	66	98	105	73	14	101	
23	103	41	44	119	42	90	79	79	108	67	100	29	50	92	25	71	79	16	71	109	86	67	29	103	0	85	96	86	59	62	23	72	83	19	122	49	108	57	90	87	13	84	29	92	102	21	79	90	14	
108	9	104	48	103	108	42	115	76	42	50	100	28	30	77	100	86	37	71	24	111	59	101	50	106	104	0	42	116	62	68	98	50	32	94	92	79	123	71	15	109	93	105	93	114	103	89	37	56	109	
102	92	95	64	72	65	49	78	81	102	61	90	50	60	46	100	46	45	119	71	58	62	101	123	75	113	73	0	45	96	123	93	27	59	75	105	112	74	83	67	53	49	119	49	116	78	104	91	81	81	
50	83	71	63	107	92	48	117	97	11	61	118	53	16	84	43	109	99	76	90	65	48	52	108	19	36	94	93	0	18	51	52	69	55	110	58	91	66	110	41	100	116	92	62	100	61	104	106	113	63	
74	58	68	13	109	86	38	123	77	79	119	26	122	112	82	54	70	55	58	16	115	68	90	34	115	70	123	91	67	0	91	82	83	114	120	57	80	8	117	38	70	79	36	84	116	46	82	90	94	42	
82	52	61	9	114	78	121	6	95	14	50	65	70	44	37	83	69	101	60	51	87	49	49	47	83	54	122	100	70	80	0	26	30	97	42	36	109	80	58	51	50	16	87	84	101	50	99	110	50	98	
49	85	45	58	71	55	58	106	81	95	45	122	52	54	85	55	115	69	109	99	84	92	114	60	63	33	62	37	69	80	117	0	110	82	118	105	25	57	106	106	94	112	118	78	103	105	120	49	84	73	
115	20	92	93	116	52	96	63	39	67	67	109	50	37	74	64	113	111	59	3	121	81	85	77	94	80	46	73	85	78	56	47	0	54	97	94	57	82	89	97	102	123	109	107	62	72	109	6	54	60	
91	22	117	120	69	27	109	79	79	69	39	99	49	63	88	119	57	96	45	22	115	95	110	121	101	111	32	57	19	28	83	64	74	0	95	44	88	38	114	53	96	113	88	102	14	80	68	69	58	77	
2	104	73	89	71	80	40	103	77	109	100	42	114	79	91	108	59	18	66	66	110	98	63	79	118	95	34	12	40	25	83	62	77	31	0	22	63	23	113	23	121	94	94	89	28	89	60	46	37	85	
117	121	15	61	89	54	95	53	105	60	47	117	109	98	48	81	45	95	66	114	34	105	104	68	28	74	116	82	41	27	66	88	81	68	30	0	40	44	99	25	122	68	110	75	26	68	82	61	45	79	
116	84	104	69	118	34	95	84	106	90	70	67	51	38	81	68	29	53	110	94	85	9	43	52	52	26	79	85	109	116	118	98	64	43	77	68	0	65	54	86	107	20	51	49	85	94	121	107	38	42	
69	110	86	38	91	66	105	58	107	16	54	114	71	103	108	45	59	35	61	75	105	71	51	66	62	81	111	80	65	69	40	24	109	105	94	84	74	0	34	71	105	60	107	57	52	109	49	107	50	96	
18	120	20	65	59	119	53	121	81	104	114	70	99	95	37	89	80	89	14	48	93	63	75	118	70	75	44	20	39	29	107	101	26	60	86	104	65	111	0	118	77	113	52	90	122	31	67	122	110	64	
33	81	71	24	98	28	120	71	63	44	97	52	79	101	59	72	83	28	97	49	118	86	36	62	32	68	74	64	88	94	100	121	100	97	7	24	62	53	47	0	116	83	76	100	119	20	88	116	91	75	
34	120	66	20	103	32	109	65	50	66	20	117	61	58	58	111	113	63	92	54	80	106	62	67	32	51	70	47	25	26	101	86	71	117	50	55	89	80	51	97	0	39	105	19	113	80	115	36	85	115	
84	117	18	51	108	25	109	86	11	106	99	17	90	92	78	90	68	39	97	51	109	111	75	6	90	47	86	108	87	102	49	62	91	106	31	31	18	66	34	96	100	0	50	112	17	99	109	102	29	100	
98	101	48	38	116	58	93	70	76	98	59	110	106	118	86	118	70	16	67	8	120	47	13	70	31	75	29	20	26	30	66	47	72	71	85	69	59	112	117	71	51	67	0	62	74	39	59	97	46	91	
16	117	56	44	120	58	67	56	96	59	100	122	68	102	36	76	50	85	28	54	90	117	114	89	45	34	89	88	53	68	89	101	110	103	66	80	45	100	71	98	36	29	38	0	83	50	64	117	35	70	
32	92	61	3	120	63	76	47	96	100	94	110	24	51	94	114	123	122	70	78	51	54	11	71	93	120	94	95	98	110	97	90	89	116	92	85	97	89	110	24	115	99	64	108	0	78	121	61	122	40	
4	104	89	90	76	19	122	85	69	42	25	111	101	82	66	52	37	94	110	65	118	111	122	104	85	121	101	93	85	69	25	29	116	119	79	65	81	83	106	80	105	105	59	22	66	0	98	14	83	43	
111	80	92	99	114	123	55	111	60	50	70	119	60	63	122	38	83	71	117	101	98	56	78	8	93	47	63	48	31	18	94	82	73	64	60	47	64	37	9	117	83	111	94	108	50	94	0	99	52	54	
21	108	37	33	116	84	59	75	31	115	75	62	65	72	34	118	96	57	50	90	101	62	96	92	85	82	98	105	94	84	70	86	57	74	75	73	105	110	106	89	75	95	110	94	52	78	21	0	66	65	
87	69	81	91	97	62	114	17	99	93	76	91	23	51	30	120	40	54	39	97	41	94	90	23	85	102	101	117	105	115	72	89	118	81	39	47	39	30	45	108	17	36	74	102	94	54	69	53	0	21	
2	103	57	23	114	96	13	109	122	86	61	117	47	82	120	62	110	55	113	87	37	94	55	118	112	114	43	49	59	68	27	7	113	116	81	87	84	96	67	79	91	64	56	12	90	32	120	27	74	0	

0	58	122	20	79	51	28	94	112	102	18	102	49	92	14	71	83	80	99	79	98	99	80	58	13	123	116	31	19	18	64	26	75	63	89	73	33	116	44	64	14	104	85	105	116	99	53	118	98	28	
117	0	33	121	50	115	120	30	107	66	116	39	83	47	108	50	108	69	27	92	54	82	100	120	110	21	61	123	120	111	97	116	44	70	64	64	88	94	76	108	116	80	50	68	81	65	106	86	49	103	
91	111	0	99	87	107	67	106	113	101	51	87	102	79	115	102	106	119	90	116	103	60	49	66	57	92	73	93	112	97	30	7	91	107	103	49	31	100	123	9	6	54	105	79	82	83	29	78	106	62	
61	32	52	0	70	108	98	87	73	61	10	105	112	100	65	54	96	106	43	116	89	50	99	44	46	75	44	63	91	48	57	56	99	56	80	73	74	57	97	55	50	13	87	98	101	66	29	121	66	97	
95	41	54	92	0	115	115	36	74	85	99	33	72	64	44	84	57	22	85	121	23	43	10	75	119	115	101	64	38	118	84	102	103	40	80	101	77	110	55	108	99	97	7	118	101	95	102	94	100	28	
32	76	97	63	20	0	99	25	57	85	88	24	60	78	54	67	51	9	73	103	18	55	11	63	110	115	83	59	55	99	90	113	102	47	96	111	65	109	36	107	93	102	21	109	117	81	83	85	92	32	
39	61	48	86	114	67	0	84	87	46	95	57	73	97	107	39	57	59	69	77	62	114	64	110	105	51	91	82	52	47	107	119	46	66	98	59	72	70	96	63	30	113	58	70	74	112	91	25	104	40	
15	57	52	105	76	64	105	0	110	68	116	104	101	108	100	78	85	100	115	106	106	31	82	108	90	100	110	38	83	62	89	36	80	97	39	78	95	59	111	43	116	32	93	108	57	41	118	98	48	78	
64	95	65	86	22	123	86	106	0	49	62	120	53	83	73	103	63	44	28	9	65	110	91	106	45	96	34	97	70	106	105	78	45	56	99	123	12	112	75	96	28	122	102	23	108	120	76	17	120	73	
25	70	62	40	54	100	95	35	94	0	69	84	101	39	74	61	46	119	93	88	104	68	61	66	74	57	71	72	104	121	65	73	112	50	11	56	100	64	31	41	83	36	58	77	55	67	114	91	76	77	
52	60	55	73	47	117	38	77	97	88	0	48	71	97	45	91	72	59	48	61	114	81	51	82	16	96	107	71	33	42	112	52	97	97	93	90	122	71	79	101	30	100	96	71	97	84	103	100	82	70	
86	73	61	120	106	30	108	120	32	42	42	0	32	86	60	59	51	89	28	66	93	80	54	105	34	94	75	111	29	30	83	83	92	114	94	115	95	64	58	61	57	63	80	50	97	84	117	84	44	86	
28	62	51	53	67	112	55	102	115	104	39	30	0	102	68	30	41	105	30	78	78	83	45	80	49	121	103	87	24	13	94	73	77	95	101	86	109	66	64	56	84	82	90	21	77	66	121	93	71	93	
81	62	67	34	62	99	116	47	96	110	105	123	105	0	113	101	77	89	118	59	120	39	97	101	73	19	10	57	95	104	93	78	59	52	75	29	121	111	49	77	94	44	20	90	88	77	55	96	42	14	
55	49	56	64	109	23	89	24	93	65	59	67	62	53	0	70	48	86	74	67	71	85	51	113	32	64	60	29	117	56	117	32	61	97	95	51	88	62	51	60	60	13	59	89	118	38	16	103	51	59	
16	51	24	108	86	44	57	60	108	117	83	112	108	30	102	0	85	83	93	108	83	87	86	39	79	69	105	105	44	121	30	89	103	49	57	83	82	41	65	82	96	112	46	48	73	91	101	3	86	57	
34	66	69	47	56	76	116	86	121	119	78	54	80	26	102	58	0	68	117	71	95	95	51	43	116	51	98	71	38	69	86	105	78	72	2	111	79	18	28	88	57	109	47	53	92	109	59	58	92	106	
6	56	71	113	112	109	120	105	26	31	79	109	108	63	55	52	44	0	87	40	64	95	71	9	97	59	102	108	47	86	123	96	63	70	43	104	47	30	19	66	36	67	87	87	96	98	29	52	85	102	
101	117	118	24	69	54	63	92	21	43	57	88	113	14	121	106	67	18	0	47	68	89	54	24	92	47	118	122	63	95	114	108	75	86	47	104	36	34	24	57	26	68	94	89	92	113	34	68	85	85	
27	66	81	87	110	23	88	105	115	98	101	76	102	87	51	37	60	32	98	0	58	31	79	75	35	100	98	105	54	95	37	88	86	59	118	48	99	115	116	42	118	77	43	57	38	100	115	33	113	48	
87	97	83	115	88	35	74	49	77	49	25	38	62	69	102	109	97	65	97	83	0	102	108	25	81	108	95	59	53	83	115	105	20	70	76	105	82	76	67	95	96	33	101	33	51	52	64	95	37	96	
56	108	81	47	56	82	40	63	106	101	123	110	79	115	45	89	50	44	122	98	82	0	45	64	80	51	71	92	107	11	54	64	94	50	38	35	46	85	118	58	51	63	85	106	52	40	34	75	83	99	
60	80	68	100	118	6	96	98	58	76	47	71	84	98	62	51	58	27	68	26	53	97	0	99	27	80	101	112	90	95	101	68	82	116	110	98	89	44	89	97	65	110	81	53	59	58	111	122	83	103	
19	52	34	82	22	104	118	69	54	80	32	30	41	88	93	54	96	62	55	78	88	108	92	0	87	26	123	109	75	6	14	32	87	80	111	90	66	106	16	112	114	67	70	61	54	64	36	81	98	100	
1	58	76	45	69	47	86	33	108	62	24	33	44	67	53	28	60	33	64	45	39	75	44	103	0	83	103	79	80	101	98	101	49	38	39	37	115	22	92	49	54	65	65	91	104	113	111	83	24	53	
22	40	42	78	100	62	61	39	91	63	27	51	50	92	77	41	47	63	117	109	86	53	39	80	117	0	46	97	53	19	29	115	75	100	122	93	41	98	36	77	106	84	96	63	39	76	22	98	123	100	
106	115	122	123	62	54	95	120	88	98	101	69	66	114	56	95	19	57	37	38	78	118	86	17	91	66	0	85	65	74	46	123	30	116	103	63	64	72	35	14	103	121	104	106	70	91	55	112	69	84	
41	24	18	105	49	98	21	92	40	51	89	47	20	97	94	66	110	46	123	114	116	123	110	20	81	35	78	0	101	81	54	64	51	111	99	95	15	16	71	76	85	94	84	95	73	46	56	68	44	93	
49	20	36	111	109	102	27	101	78	92	77	49	67	98	100	49	64	67	117	83	30	89	83	84	83	67	59	76	0	60	108	54	54	90	51	89	83	62	64	82	85	79	22	34	108	71	60	92	42	122	
30	59	89	42	41	77	65	111	77	59	73	102	94	21	104	39	90	97	88	45	68	74	60	40	69	121	108	108	40	0	69	43	40	100	80	69	52	41	34	67	63	116	32	30	116	55	81	68	57	85	
114	111	110	55	30	93	39	86	69	74	115	99	77	68	47	44	45	32	56	12	61	113	99	73	90	91	64	98	77	50	0	40	18	98	86	108	59	36	28	84	63	108	72	40	112	9	114	112	97	122	
95	55	85	78	60	102	111	109	28	49	79	91	82	113	23	87	14	60	121	116	102	79	74	87	104	47	88	118	56	104	76	0	89	63	44	108	47	84	90	56	95	55	46	41	86	72	101	46	25	107	
20	49	79	86	25	119	76	51	63	104	51	9	25	99	80	84	20	74	15	60	96	52	12	99	99	98	79	90	113	103	102	83	0	57	61	94	38	18	123	90	119	58	74	50	65	105	43	56	68	114	
49	63	94	38	84	94	38	112	113	75	33	63	82	55	123	96	111	64	72	96	68	66	56	53	118	99	86	34	89	54	44	56	49	0	76	101	36	40	110	109	72	40	120	54	48	60	38	37	100	107	
48	87	77	121	108	31	98	112	50	36	79	94	101	30	119	112	79	13	79	86	114	117	105	28	60	54	35	78	27	58	51	75	32	35	0	69	32	7	90	86	73	54	120	81	65	78	8	44	88	109	
69	97	101	55	60	85	110	38	75	84	58	46	21	97	88	58	112	96	69	50	32	75	34	91	32	54	95	99	101	112	108	94	45	68	95	0	115	97	22	32	37	85	69	84	95	106	97	104	61	109	
89	116	99	3	71	109	64	97	39	74	67	87	63	42	80	24	94	41	53	11	50	97	105	12	80	115	103	66	95	48	92	116	112	115	123	107	0	116	87	78	104	55	76	64	106	121	91	20	81	108	
61	15	21	91	87	87	90	63	68	100	78	38	11	104	17	70	48	102	48	73	51	72	94	79	77	80	108	57	115	102	49	28	65	56	89	110	10	0	95	80	95	52	72	68	97	119	89	15	75	103	
45	53	25	118	83	99	32	94	65	41	102	107	101	11	112	53	56	34	82	87	98	81	71	34	110	96	103	83	22	57	103	105	25	55	116	58	93	56	0	91	96	51	61	85	60	82	107	64	68	90	
39	56	43	92	84	46	70	48	109	65	74	37	44	77	109	112	122	65	58	14	60	51	45	93	38	118	104	26	111	83	30	19	86	98	52	25	120	55	110	0	99	76	116	122	72	86	65	92	110	118	
107	118	87	48	73	48	92	110	116	83	117	94	83	28	101	84	14	63	49	85	123	112	99	88	98	97	109	76	62	104	109	119	107	76	37	103	64	106	101	64	0	30	105	80	48	69	14	58	108	111	
54	28	29	107	48	77	41	56	64	95	54	85	101	91	24	82	28	86	83	94	43	84	49	104	52	117	118	100	47	85	37	7	94	38	99	38	83	94	95	123	75	0	87	30	112	63	81	30	115	50	
52	95	72	115	59	63	114	102	61	33	46	12	36	109	5	72	39	87	99	72	99	47	31	70	29	68	106	109	88	103	107	80	88	71	84	47	102	60	63	35	92	71	0	89	90	58	73	84	115	114	
107	65	82	95	45	87	46	122	60	45	98	92	96	33	90	64	94	60	87	106	71	91	94	30	62	112	97	40	90	44	66	43	67	76	80	23	93	123	56	99	64	44	113	0	26	75	118	75	100	119	
57	89	104	30	49	79	77	14	115	94	41	69	58	114	113	102	110	111	64	79	32	116	78	88	95	83	91	51	81	105	78	82	62	111	58	96	62	65	119	96	45	58	101	62	0	103	61	120	70	101	
76	88	109	22	72	103	37	48	106	82	110	110	82	62	114	65	87	39	95	64	61	85	122	68	53	33	19	72	88	75	43	68	22	38	43	110	71	47	121	117	106	100	22	83	70	0	111	117	100	50	
113	97	86	42	32	84	19	86	118	96	110	109	97	8	111	87	107	101	85	85	32	112	72	76	23	94	111	41	66	7	67	53	107	116	111	122	56	101	41	95	20	20	104	87	88	96	0	90	10	80	
98	66	55	87	122	10	101	121	78	32	42	88	83	103	107	95	76	102	23	25	64	68	84	34	107	118	79	68	60	41	97	59	75	109	37	80	108	14	83	43	104	95	119	90	79	36	90	0	97	35	
26	39	19	88	49	98	18	67	54	96	123	80	63	46	107	112	38	74	46	37	46	82	72	81	122	73	67	47	58	98	108	91	80	64	49	90	38	89	12	84	65	61	117	80	94	24	108	73	0	106	
58	79	74	36	55	115	97	88	113	71	15	36	64	78	87	107	73	102	91	119	66	60	26	83	68	106	81	97	35	78	78	60	55	52	91	60	65	70	67	39	117	119	45	56	52	79	80	96	32	0	

